0.443167 0.861959 0 
2.140166 -2.657442 0 
1.277506 -0.605522 1 
2.765267 2.391042 0 
-0.638668 0.433230 1 
0.603379 1.945744 1 
-0.987099 0.120109 1 
-1.353261 0.353726 1 
-0.020467 -1.221962 0 
0.201128 1.013296 1 
-0.094260 -0.637791 1 
0.905674 0.067563 1 
0.823123 -1.009171 0 
4.230568 -0.419995 0 
0.361183 -0.698840 1 
-1.594891 1.661408 0 
2.490795 2.396344 0 
-0.191054 2.452779 1 
3.510332 0.117042 1 
-0.124844 1.909270 1 
0.343314 1.372827 1 
2.644978 0.181570 0 
0.275606 0.536244 1 
3.203409 -3.989722 0 
3.142374 0.639079 0 
2.333171 0.949505 0 
1.027454 -1.460060 0 
0.500071 0.720803 1 
-0.095944 -1.597617 1 
0.974666 0.532408 1 
0.243178 0.810150 1 
2.016514 -0.094875 1 
0.406463 0.354482 1 
4.660213 -0.106240 0 
-0.251706 0.354918 1 
3.821738 3.633056 0 
4.395738 -1.262248 0 
1.220437 3.827834 0 
-0.966517 0.598051 1 
-0.571251 -1.219716 0 
-0.368610 -0.880804 0 
0.032921 0.863147 1 
0.491939 -0.295966 1 
-1.133165 -1.299934 1 
-0.150071 0.805580 1 
4.563514 2.089917 0 
1.536716 -1.760656 0 
-1.896520 -2.483247 0 
2.723219 -0.248830 0 
1.260978 -0.231299 1 
-0.155399 0.162128 1 
0.190177 -1.507195 1 
0.949346 -1.548130 1 
2.541532 1.941474 0 
0.358891 0.362268 1 
1.783276 -0.738485 0 
0.369263 -2.926932 0 
-0.879322 -0.317159 1 
0.433177 -0.376191 1 
-1.085591 -1.164769 1 
3.031601 1.321653 1 
4.404815 0.328377 0 
0.295835 0.628953 1 
3.645864 -0.238363 0 
-0.559261 2.263447 0 
-1.733380 0.644139 1 
2.190018 2.522220 0 
-1.209436 0.149159 1 
1.284913 0.208347 1 
0.229387 -0.496412 1 
-1.602229 4.002918 0 
3.096997 0.363383 0 
0.387692 -0.804730 1 
1.187651 -3.273992 0 
2.074510 -4.967296 0 
2.176186 4.801392 0 
-0.416601 0.873277 1 
-0.959280 -0.928666 1 
-0.490948 -0.329308 1 
0.770848 -0.643786 1 
-0.200037 -0.654531 1 
0.622517 1.426078 1 
0.300707 -0.006731 1 
2.142821 3.620747 0 
-2.046753 -0.624292 1 
0.868730 -2.965166 0 
3.294831 1.278124 0 
1.070721 1.579497 1 
3.346347 2.054844 0 
-0.179114 0.176713 1 
-0.039924 -1.158372 0 
0.523545 0.372553 1 
3.210117 0.194940 0 
0.686307 0.658397 1 
-0.324720 0.936393 1 
0.814542 -1.106795 0 
0.069062 0.874921 0 
-0.835689 -1.437059 0 
1.200726 -0.739829 0 
-1.497029 0.881361 1 
2.141440 2.470724 0 
0.309897 1.479866 0 
-0.973792 1.727105 0 
1.800182 0.579122 1 
-0.049080 0.394523 1 
4.217908 0.688241 0 
2.216493 -4.163232 0 
1.522355 1.764371 0 
-1.222637 -0.247793 0 
0.591094 -0.240118 1 
0.517544 0.553273 1 
0.116828 0.205697 0 
5.566559 1.278450 0 
-0.104828 -0.594165 1 
0.706640 1.012305 0 
1.945017 -0.793943 0 
1.631867 -1.537452 1 
1.230246 -0.675067 1 
1.645538 -0.110538 0 
0.763905 -1.778227 1 
-0.116467 0.339313 1 
-1.354190 -0.258502 1 
-2.097661 -1.183214 0 
2.095975 -0.756360 1 
-0.293069 -0.399910 0 
0.564302 -3.296079 0 
3.261050 0.954175 0 
2.191656 1.543813 0 
0.510850 0.160918 1 
0.296492 -1.193943 0 
0.243198 -1.611443 1 
-0.003320 -0.460538 1 
-0.287721 -0.097124 1 
5.325528 1.035465 0 
-1.303871 -1.971032 0 
3.496638 -0.237568 0 
0.253790 -0.428931 1 
0.275316 0.588964 1 
0.006703 0.049391 1 
0.303120 1.447329 0 
3.414038 -4.513159 0 
-0.023166 2.246066 1 
0.098843 -0.074735 1 
2.826305 0.477916 0 
4.889599 -0.989085 0 
0.216203 -1.813081 1 
-1.485969 0.399230 1 
2.861494 2.197207 0 
2.297131 -1.674890 0 
2.367616 -0.979335 0 
-0.395514 -0.751940 0 
-3.442107 -1.043343 0 
0.318721 0.532148 0 
4.087050 -4.368158 0 
-0.948384 -2.992732 0 
0.852015 0.325944 1 
0.153774 0.594181 1 
2.166081 1.938313 0 
6.410540 -0.377060 0 
-1.977423 -1.720379 0 
-0.379279 -0.691557 1 
-0.726947 -2.035099 1 
-0.618669 0.762455 1 
0.905064 1.215381 1 
-0.874515 -0.764706 1 
1.683972 2.025812 0 
0.650114 -0.485337 1 
0.006155 -0.615597 0 
-1.150999 -0.352937 1 
3.748175 -3.666499 0 
-0.656660 -3.472882 0 
0.771234 -0.418634 1 
0.276211 -0.229928 1 
3.569250 3.530705 0 
0.526067 -0.483365 1 
1.167764 -0.005332 1 
1.840454 1.775442 0 
0.491879 -1.960044 1 
-0.096223 0.240834 1 
5.973711 3.757281 0 
0.259782 -0.107452 0 
-0.355245 -1.059072 1 
2.492777 -0.699022 0 
1.356242 1.001949 1 
2.412240 -0.777925 0 
2.498733 2.557042 0 
5.144300 -0.400954 0 
0.356891 -1.857270 0 
0.268396 0.829449 1 
2.032475 0.106936 1 
0.131634 -1.267965 1 
-1.192245 -3.178980 0 
-0.338296 -2.091842 0 
2.453999 -0.736405 0 
-0.603966 -1.305237 0 
-0.968781 -0.490226 1 
0.979853 0.251436 0 
0.050328 -0.736183 0 
2.210670 -0.421297 0 
0.235008 0.463279 0 
3.911198 3.439626 0 
1.864748 -0.957402 1 
-0.750883 1.033311 1 
-0.020516 1.626138 0 
-1.551515 -0.396935 1 
-1.941702 -0.877816 1 
-0.720278 0.686834 1 
-1.239903 -1.765550 0 
1.088075 0.168148 1 
3.971834 -0.337170 0 
1.114373 5.778886 0 
0.807792 -0.960254 0 
1.789612 -0.695408 0 
-1.393541 0.324068 1 
-1.067773 0.189179 1 
0.211027 0.642595 0 
2.370996 0.356264 1 
-0.834569 1.001723 1 
-0.777969 -1.855990 1 
0.696950 0.797405 0 
1.236421 0.137957 1 
-0.605708 0.318261 0 
0.547590 -0.771376 1 
-0.310523 1.340759 1 
-0.663422 -1.502640 1 
-1.497665 2.580391 0 
1.536363 3.084056 0 
-1.886029 2.928967 0 
0.168779 -0.684741 1 
-0.224275 0.305707 1 
0.186637 1.681579 1 
1.085549 -1.039135 0 
-0.156067 -1.006252 1 
2.339653 3.040352 0 
1.649860 -0.108156 0 
-1.308700 -0.614762 1 
2.399119 1.209637 0 
2.493787 -1.859968 0 
0.931628 -3.043034 0 
0.495622 -0.969646 0 
1.223185 2.002178 0 
1.174158 1.398127 1 
3.468061 1.626851 0 
2.793376 -0.002230 0 
4.275106 -0.978124 0 
0.369127 0.841270 1 
6.102685 3.404558 0 
-0.548665 -2.291292 1 
1.514184 0.357298 1 
-0.667283 0.037373 1 
4.461654 0.601822 0 
-0.411857 -0.554196 1 
-0.171483 0.249195 1 
4.182485 0.706518 0 
-0.582430 -0.214268 1 
-0.197322 -0.046182 1 
-0.115293 2.939473 0 
2.262986 1.449148 0 
-0.487359 1.976280 1 
-1.140147 -0.847715 0 
-1.749186 1.390878 0 
2.806573 1.890328 0 
4.569496 2.567061 0 
-1.955623 -0.317769 1 
-0.786466 -0.234497 1 
-0.002727 -1.316294 1 
-1.085762 -2.005215 1 
-0.715480 0.384548 1 
-0.686835 0.694958 1 
0.458239 -0.037137 1 
3.136528 -0.902264 0 
-0.907500 0.815904 1 
3.931512 -0.224079 0 
-1.326459 0.482123 1 
4.356149 -3.200992 0 
-0.047324 -0.750599 1 
3.431231 1.826806 0 
0.464001 0.505564 1 
0.533402 1.390871 0 
1.537647 -0.168637 1 
2.219995 1.919000 1 
1.169643 2.142064 0 
0.197101 0.027141 1 
-1.067231 -1.418167 1 
2.138922 1.238420 0 
3.311552 0.590417 0 
-0.566325 0.859792 0 
1.427744 -0.096874 1 
1.412623 0.762935 1 
0.073530 0.059994 1 
0.266859 0.781961 1 
0.882350 -0.645248 1 
-1.401615 0.679004 1 
-1.242867 -2.063825 0 
0.803544 -0.025779 1 
2.713953 -2.854601 0 
1.786859 0.046047 0 
3.392661 -0.086793 0 
0.725287 1.193776 1 
0.872787 0.860282 0 
2.111133 1.518620 0 
-0.286141 2.444746 1 
2.351775 0.593352 0 
-0.805012 -0.380729 1 
3.888730 -4.855284 0 
2.578081 -1.551387 0 
-0.613071 -0.451364 1 
-0.689169 0.040022 1 
-0.467346 -1.106494 0 
4.660652 -2.756347 0 
1.513615 1.395097 0 
3.826268 -1.647102 0 
-1.205947 1.026969 1 
-0.261616 -1.080964 1 
0.293233 1.842256 0 
0.110728 -1.381736 1 
1.020899 -1.512767 1 
-0.199204 0.809468 0 
0.547102 -0.216751 1 
1.980769 2.166538 0 
0.331484 2.166650 0 
-1.708692 0.527344 0 
-0.215265 0.236295 0 
-0.212101 -0.106285 1 
0.910766 0.366380 1 
1.063324 -2.375952 0 
0.110602 0.596219 1 
3.589471 -0.742381 0 
-1.051431 0.473789 1 
0.287285 0.230437 1 
5.222757 -3.257807 0 
0.674324 1.103413 1 
5.236285 -0.976678 0 
2.524333 -2.703837 0 
-0.347115 -0.067806 1 
3.214397 3.242057 0 
1.727988 0.124038 1 
-0.733743 -1.279423 1 
-1.229692 0.301921 1 
-0.371454 0.517654 1 
-0.661186 -0.481604 1 
0.859460 0.348855 1 
0.254223 -0.540170 1 
2.749851 -0.839343 0 
-0.157951 -1.681980 0 
1.403063 0.455406 0 
-1.711207 -0.638899 1 
1.053982 0.753546 0 
-0.915278 -1.281767 1 
-1.034876 -0.868988 1 
3.329942 -0.680640 0 
1.626557 -0.687727 1 
0.102206 0.481108 1 
0.718213 -0.192229 1 
2.087904 -0.817765 0 
2.130636 -1.393844 0 
-1.280762 1.133542 1 
1.324915 -3.049989 0 
2.082718 -0.643622 0 
-0.460180 1.736583 1 
-0.471511 -0.142842 1 
1.001983 -0.215129 0 
0.641251 1.073328 1 
3.801552 -2.792633 0 
-0.753977 0.200035 1 
4.794703 -1.736192 0 
-0.071113 0.403989 1 
-1.949464 0.454317 1 
-0.839754 0.666736 1 
-0.995316 2.657933 1 
0.452431 0.121651 1 
-1.403918 -0.660531 1 
-0.203708 0.365501 1 
-1.243296 -1.713848 1 
-1.964497 -0.962575 1 
-0.563481 -0.244775 1 
1.354379 0.792689 0 
1.059891 0.465356 1 
-0.572345 -1.035399 1 
0.891278 -0.213703 1 
-0.269756 -0.299924 1 
0.368905 -1.531694 1 
2.647741 0.681618 0 
1.879005 -0.097013 0 
1.362614 -3.289224 0 
0.477179 0.677203 1 
2.371466 0.231903 0 
4.594947 1.259177 0 
0.537426 -0.117611 0 
-0.378346 -0.773838 1 
3.564142 0.500106 0 
-0.340307 -1.278492 1 
-1.392047 0.177516 1 
4.197482 0.574380 0 
1.110117 1.651182 1 
-1.012370 1.691137 1 
-0.625598 1.207179 1 
3.124145 -0.832094 0 
0.539185 -0.337716 1 
2.856404 -3.532893 0 
1.296527 -0.589042 0 
-1.232615 1.077050 1 
1.385627 -0.129026 1 
0.433955 0.999798 1 
0.410207 -2.679833 1 
-0.926930 -0.359425 0 
2.440123 -0.344594 0 
5.057946 0.623777 0 
0.843453 -0.524193 1 
-0.015910 0.658916 1 
4.719175 0.053649 0 
0.728084 -0.135753 1 
-0.105745 0.040392 1 
-1.116983 1.353281 1 
0.320834 -0.195212 0 
-1.350640 -0.553745 1 
-0.379142 1.819861 0 
6.199978 -1.688205 0 
4.728760 -1.438362 0 
-0.081283 -0.855045 1 
-1.612378 -1.731234 0 
0.730050 -1.691985 1 
-1.528300 -0.266359 1 
-1.352698 1.312885 1 
1.572600 -1.623480 1 
0.249555 -0.303596 1 
2.754167 -2.337345 0 
-1.195584 -0.312435 1 
-0.884438 -1.764096 0 
1.484132 4.215185 0 
5.304092 0.745808 0 
-1.865918 1.340255 1 
-0.547782 -0.094209 0 
4.818649 -2.393574 0 
6.479110 -2.052925 0 
1.288773 0.143778 1 
6.763072 -3.344236 0 
0.831689 0.756225 1 
1.656328 -1.558511 1 
0.416371 -1.772758 1 
-0.600506 -0.158687 1 
0.409561 -0.836105 1 
2.774910 2.143435 0 
3.972243 1.307791 0 
-0.303204 -0.522712 1 
-1.906889 2.932451 0 
-0.485109 -0.246942 1 
-0.237141 0.129836 0 
0.240742 -0.197676 1 
0.861130 0.191076 0 
-1.532893 -1.916949 1 
-0.302708 3.830326 0 
0.332924 -0.246645 1 
-0.695223 2.240434 0 
0.232874 -0.399282 1 
1.099453 -1.813529 1 
-0.934072 0.626614 1 
-1.024506 -0.458722 1 
2.027317 -1.366972 0 
-0.598556 -0.182100 0 
-1.328547 -1.978146 1 
1.657680 -1.036052 1 
0.496261 -0.538032 0 
2.592517 0.939496 0 
2.578270 1.747707 0 
3.370871 0.443381 0 
7.916549 -0.728453 0 
-0.423965 -0.497968 0 
6.086533 1.164793 0 
-0.164057 1.437520 0 
-1.784682 1.315918 1 
0.621298 -0.855407 1 
0.108978 -0.560433 1 
0.234535 0.083856 1 
-0.561357 -1.037936 1 
-0.348353 -0.024318 1 
1.625844 2.063924 0 
-5.326654 0.207618 0 
-0.155456 2.585884 0 
0.384481 -2.640801 1 
-0.019367 2.074036 0 
-1.093460 1.206743 1 
-0.276272 -1.251138 1 
-0.640737 -1.802130 1 
-1.478084 0.431158 1 
1.825575 0.584025 1 
2.423326 3.420765 0 
-0.428659 0.769380 1 
1.980753 -1.065619 0 
4.996720 -2.079309 0 
-0.484653 -1.025036 1 
-2.407164 -1.266745 1 
-1.950575 -1.261777 1 
1.417041 -0.382046 1 
1.592434 0.660726 0 
-0.010056 0.076163 1 
-0.462673 1.584299 1 
-1.130675 -2.170544 1 
1.101772 -0.407443 0 
-0.633343 1.217046 1 
-1.114188 -1.776682 1 
1.864331 -0.014910 0 
-1.169888 1.947996 1 
1.813383 -0.904289 0 
-0.717148 -0.236220 1 
2.878377 -0.104230 0 
2.488994 1.971928 0 
0.395433 -0.444754 1 
1.502420 0.743556 0 
1.385462 0.244040 0 
0.529222 -0.336705 1 
-0.994859 0.484453 1 
2.379617 -0.064956 0 
1.057362 -0.096457 1 
2.839652 -3.382996 0 
2.330760 0.299938 0 
-2.230073 1.467385 1 
1.133222 -0.637670 0 
1.082641 1.032660 1 
0.844869 1.704671 1 
2.148151 -0.993222 0 
3.536821 -1.957484 0 
0.562449 0.916814 1 
0.213179 -0.966282 1 
-1.314635 5.236736 0 
0.819779 0.983892 0 
4.180104 -2.283918 0 
1.377407 -1.551009 1 
0.411623 -0.744840 1 
0.410255 -0.985136 1 
0.370545 3.496866 0 
-0.808863 0.622157 1 
1.361364 -0.656623 1 
-0.572630 0.118379 1 
0.125864 0.810772 0 
1.837526 0.811971 1 
2.676316 -0.804366 0 
-0.658672 1.037768 1 
-1.401590 -3.736328 0 
3.027078 0.475558 0 
0.831991 -0.839008 0 
0.208844 0.678501 1 
0.304909 0.145779 1 
-0.012467 -0.604747 0 
2.843063 -0.395473 0 
2.112584 -1.059830 0 
1.221306 -0.633303 1 
-1.729071 -1.328846 1 
-0.319153 -0.464182 1 
4.047518 0.023011 0 
0.269506 1.278517 0 
4.505355 -1.581928 0 
-0.934298 -0.038132 1 
1.564037 2.039261 0 
1.410644 -4.014950 0 
2.156165 2.284814 0 
0.373196 2.734330 1 
-1.372874 2.663089 0 
3.834502 -0.577155 0 
-1.219590 1.027293 1 
3.638472 -1.296442 0 
1.095248 0.432418 0 
-1.464893 -0.795542 1 
-1.332047 -0.413159 1 
4.295360 0.980612 0 
0.564897 1.497184 0 
1.287930 -0.931355 0 
-0.093970 0.165721 1 
2.107611 -1.350672 1 
0.778025 0.776396 1 
1.272656 -0.484578 1 
0.714516 0.239515 0 
0.992605 0.059198 0 
0.410320 -2.164835 1 
2.264393 -3.159164 0 
-0.925709 0.997698 0 
2.843732 -1.836294 0 
-0.497649 0.221567 0 
5.699052 0.422209 0 
0.226953 -1.703769 0 
0.062742 -0.120334 0 
0.708327 0.145846 1 
2.265591 -1.005870 0 
1.951770 1.847559 0 
-0.043597 1.494715 0 
0.042559 -0.729160 1 
-0.909894 1.045587 1 
1.217241 -0.757303 0 
3.507866 -0.882279 0 
2.111588 -0.131266 0 
-0.954319 -0.408104 1 
3.555781 -1.560409 0 
2.492295 2.818379 0 
1.458423 -0.671557 1 
0.013647 0.016391 0 
0.033961 -0.511934 1 
-0.217611 0.152871 1 
4.498188 1.667929 0 
0.279207 -1.600567 1 
3.695138 0.302383 0 
0.030189 0.144010 1 
0.075094 -0.656116 1 
0.192752 0.830200 1 
0.086639 -0.234893 1 
6.905133 -1.721118 0 
1.829427 -1.294585 1 
0.805707 -0.006147 1 
4.483562 0.525150 0 
2.810636 0.516344 0 
0.217243 0.257178 1 
-1.599153 -0.388731 1 
-2.262794 3.212240 0 
7.550471 0.120335 0 
4.479230 -2.167762 0 
-0.733672 1.635942 1 
4.178870 -1.280197 0 
-0.592422 -0.282022 1 
1.245979 -0.668567 1 
-0.902927 -2.025776 1 
0.324497 -0.503741 0 
-1.226113 -1.851641 1 
0.039195 1.032879 1 
-1.834144 1.174352 1 
-1.160164 -1.184666 1 
2.492522 2.088951 0 
-1.504470 0.177181 1 
-1.235154 0.687489 1 
1.059518 0.203941 1 
1.994335 1.736484 0 
-0.126193 0.705067 1 
-0.731957 -0.373245 1 
2.107102 2.019047 0 
0.123098 0.046593 1 
1.608838 1.293862 1 
0.994840 -0.785592 1 
1.656275 -0.967774 0 
1.605251 -0.903800 1 
-1.452888 0.176434 1 
1.292761 -2.630089 0 
-0.306830 -1.616724 1 
5.126319 1.367745 0 
2.723636 -0.934981 0 
0.812461 -6.374414 0 
2.034012 -1.859612 0 
0.642308 0.714081 0 
4.522885 0.373354 0 
4.875278 0.855318 0 
1.658255 -0.414412 0 
0.999809 -1.548151 1 
0.349359 2.731864 0 
2.139718 -0.192177 0 
-2.746730 0.339974 1 
0.365051 -2.520129 0 
0.232774 0.547688 1 
3.420507 2.365532 0 
4.008254 0.643869 0 
4.789359 -2.244999 0 
2.263498 -1.211505 0 
3.620812 0.373191 0 
3.201729 -0.352728 0 
3.564023 -0.111899 0 
3.173057 1.165765 0 
4.401855 1.417897 0 
3.970827 0.871883 0 
-0.790777 -1.365297 1 
3.389687 -0.840480 0 
0.910414 -0.489493 1 
2.811780 -1.518895 0 
5.725822 0.926539 0 
-0.650471 0.444876 1 
0.479279 -0.834352 1 
-1.167076 -0.070233 1 
1.160122 -1.486340 1 
-1.195241 -0.950060 1 
0.403691 -0.961020 1 
0.583670 -2.110147 0 
-0.666715 -0.774088 0 
-1.944183 1.692310 0 
1.175126 1.067838 0 
1.059761 -1.078972 0 
0.554006 0.229536 1 
0.445116 4.689835 0 
-1.245003 -0.256619 1 
-1.051244 -2.743950 0 
2.934679 1.785293 0 
6.295530 -0.049376 0 
-1.066573 -0.775190 1 
-1.065293 0.014876 1 
2.289846 -0.118274 0 
-1.610673 0.347241 0 
-0.257993 -0.760745 1 
3.716620 0.834649 0 
-1.406374 0.126796 1 
-1.399720 1.234814 1 
-0.169365 1.491901 0 
0.885999 0.376024 1 
6.226449 -2.310552 0 
-1.361844 -4.135649 0 
0.344622 2.249005 1 
-0.377891 -1.521968 1 
-1.821788 1.381047 1 
1.396787 0.807825 1 
1.049335 -0.573795 0 
3.201795 -3.467025 0 
2.323882 -1.588022 1 
3.373384 3.835575 0 
2.572963 -3.301659 0 
4.038834 -0.703772 0 
2.515300 0.995365 0 
-0.993781 -0.652799 1 
-0.615652 1.483686 1 
2.383728 -1.693395 0 
-2.008142 0.233722 1 
-2.757603 -0.913675 0 
-1.986855 -0.317147 0 
4.893062 -2.543656 0 
0.345337 0.086536 1 
0.189591 1.238020 1 
1.882636 1.385053 0 
-0.774125 0.833944 1 
4.029166 2.056979 0 
-0.971444 1.590018 1 
-0.361981 1.707588 1 
1.220724 1.026413 0 
1.301116 -0.082527 1 
2.216434 -2.979613 0 
1.027518 0.214478 1 
4.601144 2.210642 0 
-0.750172 -0.951817 1 
0.628375 -0.241294 1 
0.215126 -0.189349 0 
-1.033836 -0.145824 1 
-0.859262 0.525361 1 
1.837974 -0.272922 0 
4.919886 2.477861 0 
1.288143 2.292990 0 
4.662056 1.769275 0 
-0.204394 -1.136061 1 
2.850553 2.763757 0 
3.124229 -0.144575 0 
1.398212 6.431536 0 
-0.789330 0.055809 1 
-1.699629 -0.316897 1 
3.925229 -1.614091 0 
-0.297737 0.552049 1 
2.836991 -0.798744 0 
3.356813 1.098277 0 
2.113302 -1.320592 1 
-0.347351 -0.375652 1 
-1.443585 -0.872941 1 
0.709071 -2.680121 1 
-1.560118 0.438846 1 
-1.877670 -0.654166 0 
3.030813 0.771185 0 
-0.393736 -0.596109 1 
1.999746 -1.779329 0 
0.300411 -0.769623 1 
1.970761 -0.132988 1 
-0.166156 0.715834 1 
2.930059 1.509653 0 
0.574146 1.231165 1 
-0.469323 0.304112 1 
0.863370 -0.285963 1 
-0.239295 0.741482 1 
-1.236743 -0.397213 1 
1.235988 -1.513467 0 
2.784231 -1.209236 0 
1.489637 1.539279 0 
-0.576078 0.999093 1 
0.762432 -2.226404 0 
5.041855 6.447679 0 
1.968193 1.974898 0 
4.645909 1.892139 0 
-1.215506 0.359693 1 
-0.105567 1.459023 1 
3.575136 1.859414 0 
2.210424 0.221973 0 
0.571414 0.427271 1 
-0.114597 0.546561 0 
7.601685 -0.861299 0 
0.806727 -0.575263 0 
0.597545 -0.271070 1 
1.991345 1.452139 0 
-0.496126 -0.386228 0 
0.925370 -2.596857 0 
-0.883957 -0.646888 1 
0.628253 -1.960454 1 
0.543411 -3.511334 0 
0.699168 0.475415 0 
1.420580 -1.522338 1 
0.576061 -0.704032 1 
1.311581 2.174061 0 
5.349263 -1.927059 0 
-0.070845 0.661398 1 
-0.811878 0.554193 1 
-0.393041 0.843268 1 
1.834470 -0.443281 0 
5.333895 -0.288119 0 
3.454092 0.907759 0 
-0.912601 1.183267 0 
0.848501 1.469762 1 
0.720449 0.239778 1 
-1.621926 -2.000738 1 
6.103465 -0.458158 0 
1.834570 -0.743808 0 
0.334659 1.615915 1 
4.549346 -3.245653 0 
1.663716 1.076962 0 
-0.370540 -1.350784 0 
-1.355750 -0.046723 1 
-0.454170 -0.577559 1 
2.713311 -4.608897 0 
4.616531 0.974239 0 
1.199040 0.134172 1 
-0.799175 0.470488 1 
-0.477883 1.212315 1 
4.310755 1.905903 0 
1.320002 -0.504331 1 
1.071981 -1.266498 1 
1.343251 -3.189113 0 
3.751776 1.363096 0 
2.786561 0.982324 0 
5.823528 -0.610535 0 
-0.985733 -1.246698 1 
-0.517539 1.456005 1 
-0.505820 0.165136 1 
1.588864 2.831246 0 
-0.821570 -1.943735 1 
0.949946 -2.237498 0 
2.137777 1.806843 0 
-0.801659 2.794594 0 
3.016887 -1.668989 0 
0.753552 -1.081197 1 
-0.821455 -1.145305 0 
0.762776 0.514570 1 
-0.064426 0.911948 1 
3.509036 1.373115 0 
2.146015 0.842684 1 
2.504859 0.205368 1 
-0.410787 0.537792 1 
0.138831 0.376109 1 
1.356722 -0.574461 1 
-0.921820 0.937580 1 
2.457539 -1.378193 0 
3.501308 -0.175322 0 
0.460851 0.090457 1 
-2.260979 -3.435298 0 
0.447093 1.538589 0 
1.023035 -0.986078 1 
2.986666 0.694133 0 
2.124319 -1.557572 0 
0.637502 -0.028090 1 
1.758352 0.349768 0 
-2.171807 -1.709398 1 
1.148271 -2.027631 0 
-1.261390 0.826901 0 
-2.915279 0.305724 0 
0.213983 -1.016990 1 
2.038195 -2.698605 0 
0.519688 -4.947166 0 
-1.005655 -1.516209 1 
2.895444 0.645912 1 
3.899197 -1.103793 0 
2.361557 2.167377 0 
5.377222 2.733420 0 
-0.717814 1.724865 1 
3.269556 -2.927483 0 
1.251113 -0.188574 0 
-0.130351 -0.449148 1 
-0.577873 1.400740 1 
-0.433005 1.533557 1 
-4.074726 3.691374 0 
1.252140 2.352322 0 
-0.373032 1.649553 1 
2.018740 -4.931548 0 
1.465262 1.820544 0 
-2.396161 3.454428 0 
0.792126 1.688299 1 
-0.789769 -0.198496 1 
3.434764 0.228838 0 
5.178709 1.967707 0 
2.747037 -1.921463 0 
0.921817 -0.229155 1 
-2.001601 -0.016330 1 
-0.965091 0.647372 1 
-1.333001 -0.169783 1 
-2.847405 -0.330149 1 
1.129354 -2.427711 0 
5.337676 -0.042946 0 
4.567276 1.369230 0 
-0.080969 0.471929 0 
-0.193105 -0.147608 1 
2.939878 -1.623736 0 
1.990491 1.010289 0 
-3.359405 -0.692205 0 
1.198742 -1.362231 0 
-0.312997 -0.646670 1 
-0.603773 0.223236 1 
1.529445 1.136394 0 
2.943750 -3.382503 0 
2.696782 -2.643498 0 
0.451821 0.328743 1 
-1.517494 -2.122837 0 
0.946884 0.951538 1 
0.090589 1.415475 1 
1.022211 -1.077996 1 
-0.202928 -1.317060 1 
1.817511 -0.135785 1 
4.858651 -4.942307 0 
1.524899 3.509181 0 
-2.197884 0.589014 1 
1.695711 -0.273513 1 
-2.058789 0.378640 0 
3.757568 -1.502909 0 
1.890582 0.521616 1 
2.807208 -2.115304 0 
1.782698 -0.113720 1 
-0.498676 0.651764 1 
0.392472 1.317711 0 
-0.606618 -1.140764 0 
1.076501 -0.326091 1 
1.324244 -0.907413 1 
3.224518 1.443756 0 
0.908277 -0.057255 1 
0.659342 -1.194591 1 
2.144263 0.869542 0 
-0.131618 0.098740 1 
3.510269 -2.766684 0 
2.591175 1.677209 0 
2.010894 4.799933 0 
1.572748 -0.205281 0 
-1.107069 0.572573 1 
-0.704732 0.395380 1 
5.484047 -3.605824 0 
1.892234 1.075722 0 
-0.266430 -1.080229 0 
-1.468864 0.864913 1 
-0.436842 -0.776139 1 
-0.889096 -0.149045 0 
4.273817 -3.783574 0 
2.089001 1.452170 0 
-1.715029 1.468605 1 
-1.274152 -0.884750 1 
1.614804 -0.585988 0 
0.378074 1.124568 1 
0.909603 -1.453240 0 
-0.059905 0.514358 1 
1.248984 -0.231897 0 
-0.856961 2.561497 0 
-0.425314 -0.076430 1 
0.102317 1.808238 1 
1.511879 0.068248 1 
0.350630 0.788990 0 
3.600175 -0.298276 0 
0.115192 -1.843553 1 
-1.776082 2.273032 0 
-0.921231 0.525814 1 
0.679214 -0.839911 1 
-2.095918 -1.358531 1 
3.881939 2.550301 0 
0.366918 0.416513 1 
-0.100215 0.557538 1 
1.583418 1.406724 1 
2.423712 3.760112 0 
1.285860 1.423210 1 
2.761538 1.316262 0 
3.158400 2.020699 0 
2.882199 3.084307 0 
2.846213 -0.067338 0 
8.732196 1.276211 0 
-0.717459 3.563507 0 
1.163525 -2.308348 0 
0.400846 -2.211422 0 
3.180681 -1.243546 0 
-0.931377 0.940299 1 
0.755747 -0.774972 1 
0.663301 0.714423 1 
-1.439983 0.297355 1 
0.938193 2.394231 0 
0.245377 -0.363586 1 
-0.152023 -0.537142 0 
0.404413 -0.630024 0 
-0.203381 -0.116159 1 
0.963908 -1.000955 0 
-0.374057 1.604043 0 
-0.156517 -0.426632 1 
2.812936 0.258894 0 
-0.282675 -4.041536 0 
1.523486 0.578823 1 
-1.474723 -0.123670 0 
1.007108 -2.102489 0 
2.194739 1.695261 0 
1.647621 -0.087224 1 
-1.923498 -0.964312 1 
0.950659 0.147931 1 
0.839908 3.263146 0 
4.733475 0.812388 0 
1.273286 0.021647 1 
1.648006 -1.401491 0 
-0.692750 -0.444959 1 
1.557410 1.077121 0 
2.310360 0.946973 0 
-2.403912 1.972739 0 
3.308650 -1.847324 0 
0.335263 0.919411 1 
0.119959 -1.624785 1 
-0.920895 -0.240164 1 
2.231328 0.323231 0 
6.440592 2.467366 0 
-0.692221 -0.758194 0 
-0.137330 0.282086 0 
-0.867771 -0.845023 1 
-1.300823 1.517651 1 
1.379944 1.580313 0 
3.882569 -1.160855 0 
0.638367 2.408537 0 
5.555458 -1.827883 0 
-0.041649 0.027422 1 
2.423060 -4.611173 0 
1.696888 0.237507 1 
0.867705 -2.120433 0 
-0.527641 0.942582 1 
2.816686 3.050677 0 
-0.676524 0.929446 1 
4.218193 -1.679154 0 
-1.722708 -0.619734 1 
1.864125 -0.351272 1 
3.691082 -0.306632 0 
0.117863 -2.227472 1 
0.919644 -0.030338 0 
4.472826 -0.177877 0 
1.634480 0.812231 1 
0.742723 2.701930 0 
0.814084 0.721136 1 
-0.485779 0.574481 1 
-3.458419 1.634572 0 
-1.548752 -1.173046 0 
0.272680 3.158309 0 
1.654612 -4.201851 0 
-1.532904 -0.609146 0 
0.660915 -1.208793 1 
2.000729 3.819139 0 
4.738928 -1.662154 0 
0.944564 0.450437 1 
0.045564 1.019108 1 
3.451239 1.629290 0 
-1.061215 -0.924840 1 
-0.078583 -2.877431 0 
0.611063 -0.824109 1 
3.018638 2.023127 0 
-0.928287 -0.673036 1 
-1.267884 1.120770 1 
-1.197699 -2.193844 1 
1.022443 -1.551239 0 
1.556792 0.238401 1 
-0.673624 -0.844504 1 
1.560193 0.499472 0 
0.068370 -0.213381 1 
-0.838061 0.469251 1 
-1.620424 1.011233 1 
3.189463 0.135530 0 
0.670215 -1.480841 1 
-1.299751 -2.212871 0 
-0.706441 0.518515 1 
1.152022 1.201092 1 
-0.704956 -0.220368 1 
3.371258 1.217780 0 
-1.020688 -1.314753 0 
0.791439 1.810442 0 
1.200477 -1.355052 1 
-0.171504 0.864973 1 
1.844941 1.929831 0 
0.351907 -0.127123 1 
0.708032 2.307698 1 
-0.997721 1.005255 1 
-1.345809 -1.929430 0 
1.483632 -0.045901 0 
2.502231 1.256506 0 
0.506066 -0.905199 1 
1.449724 2.544440 0 
-1.120265 0.015586 1 
0.085049 -1.631048 1 
4.843965 -1.062097 0 
2.021259 -0.524634 0 
0.841383 2.601550 0 
4.390795 6.542013 0 
1.995527 -1.539517 0 
-0.777199 1.258694 1 
1.322569 1.854168 1 
-0.359692 -0.595759 0 
0.671136 -3.292318 0 
1.968314 -3.887966 0 
0.918580 1.446744 1 
1.504308 -0.006660 0 
0.157072 0.704003 1 
-0.032797 0.644223 0 
1.579802 1.440534 0 
2.506123 -2.402477 0 
-1.156173 -1.916341 1 
-1.348316 0.447732 1 
2.066627 -0.230292 0 
3.382854 0.941216 0 
0.262908 -0.663758 1 
4.701751 -1.304412 0 
-0.652457 0.178841 1 
4.016017 -1.584287 0 
6.695169 -0.937550 0 
-2.117001 2.620366 1 
1.719367 3.645559 0 
4.996896 -0.005998 0 
0.107609 0.562334 1 
1.847897 0.464893 1 
-1.230050 -0.429740 1 
-0.405411 -1.274183 1 
2.247631 -1.881634 0 
-0.660004 -2.453288 1 
1.513253 0.676225 1 
0.922819 2.328341 0 
0.707047 2.531733 0 
3.350796 3.897238 0 
-2.016983 -0.096978 1 
3.152819 0.100561 0 
0.109378 0.728237 1 
1.096682 1.462258 1 
-0.951290 2.575194 1 
-0.286612 -0.744473 1 
2.810727 0.130465 1 
-1.481801 0.979252 0 
-1.868169 -1.137304 0 
1.965025 -3.691199 0 
-2.732985 -0.021096 1 
0.661247 1.199175 1 
-0.936066 0.174462 1 
0.133657 0.090775 1 
-2.058770 0.276225 1 
0.430052 0.511423 1 
3.487391 -0.218943 0 
1.503128 2.823856 0 
1.293000 -1.210870 1 
2.210804 1.232509 0 
4.285166 1.995271 0 
3.477186 0.358005 0 
0.861289 -1.295543 0 
-1.033466 -1.353305 1 
-0.169712 -0.843496 1 
-1.008878 2.593130 0 
0.326582 1.000605 0 
0.302476 1.124232 1 
5.900978 -4.303839 0 
2.115722 6.040943 0 
-1.584423 0.189640 1 
-0.429696 0.549460 1 
0.587046 0.182079 1 
0.151070 0.348453 0 
6.134420 0.359179 0 
3.600923 0.119419 0 
-0.288415 1.880074 1 
-0.096856 -0.105383 1 
-0.007137 0.257089 0 
-1.263691 0.753836 1 
2.273904 1.247411 0 
0.739626 1.794309 1 
2.145544 1.876863 0 
0.095611 -0.831828 1 
-0.132634 -0.071548 1 
0.616909 -0.263607 1 
0.437377 0.897032 1 
3.037209 0.650043 0 
3.304674 -0.986223 0 
-0.724941 -0.403578 1 
1.988493 0.439089 0 
0.652909 -0.126078 1 
1.489417 4.351924 0 
0.512595 0.324965 1 
1.577312 -0.075359 1 
3.172068 -1.039767 0 
3.080139 2.264661 0 
5.626207 -1.826867 0 
-0.854727 0.541314 1 
3.252553 2.703974 0 
0.420888 0.273155 0 
-0.745153 -0.853974 1 
4.079736 -0.948154 0 
3.990239 -1.329944 0 
-0.416044 0.313917 1 
0.712227 -0.292479 1 
0.457042 1.773433 1 
-1.022894 -0.529243 0 
-1.705904 0.104888 0 
0.500954 0.691199 1 
-1.669694 -1.080774 1 
2.430459 0.772811 1 
4.598926 2.411991 0 
0.890397 -1.553239 1 
0.951076 -0.666166 1 
-0.495468 1.107632 1 
0.871608 0.611177 1 
1.364285 -0.427723 1 
2.574073 -3.128503 0 
0.813874 -0.998821 0 
-0.654613 2.639654 0 
2.162614 -3.090606 0 
0.839402 -1.043709 1 
-0.734782 1.366133 0 
0.524472 -1.258503 1 
1.355373 5.581661 0 
1.164562 0.230984 1 
-1.857904 0.145146 0 
-1.003729 -1.127099 1 
0.418200 1.603784 0 
1.874503 -1.050668 1 
-0.283417 0.013588 0 
2.282075 -1.193727 0 
0.030012 -0.969494 1 
2.540098 1.211293 0 
-1.940507 0.447136 0 
-0.309465 0.750050 1 
-0.530943 -0.517373 1 
6.084881 3.106320 0 
-1.467146 -2.153982 0 
0.921927 -0.548950 1 
-0.660483 -0.443105 1 
-1.210494 -1.630835 1 
0.568187 1.510995 1 
3.894315 -0.381266 0 
3.850775 2.513204 0 
-0.322458 -0.704889 1 
1.429193 1.219216 0 
0.188583 -0.194953 0 
0.717977 -0.127517 0 
0.408352 -1.092590 1 
1.596660 -0.407773 0 
3.212596 3.176920 0 
-0.481675 -0.462543 1 
2.032166 1.324537 0 
-0.760663 0.352328 1 
0.923496 -0.399106 0 
2.754910 0.888646 0 
0.231792 0.682979 0 
-1.521586 -0.398901 1 
-1.784071 -1.969551 0 
-0.664016 -1.091802 1 
3.674629 0.177296 0 
-0.364714 -1.379847 0 
2.905877 -1.433530 0 
4.831542 3.573968 0 
-1.628014 0.532918 1 
-0.106728 -0.118593 1 
2.947318 -2.052278 0 
1.853522 -0.887393 1 
-1.612386 0.867928 0 
0.574478 0.427589 1 
-0.415910 -4.634273 0 
0.926644 0.522272 1 
1.474581 -0.185014 1 
4.401502 -0.316398 0 
-1.624694 0.434721 1 
-0.116904 -0.754701 1 
0.728284 0.159752 1 
-1.928979 1.789937 1 
5.726735 1.271503 0 
1.676337 0.445475 1 
-0.383197 -0.125394 1 
-1.650563 -0.388825 1 
2.209153 1.503572 0 
-1.748852 -1.140749 1 
-0.873606 0.373454 0 
1.740271 -0.171450 0 
0.776117 -0.537943 1 
3.613092 -0.236405 0 
0.489125 -0.172513 1 
-0.770658 0.852043 1 
0.158996 -0.755022 1 
0.410230 1.094472 0 
-0.401979 0.352248 1 
1.690881 -2.607329 0 
2.510101 2.567685 0 
3.555272 -1.325480 0 
0.335179 0.835983 1 
-0.872448 2.879146 0 
2.106839 1.510484 0 
4.941225 -0.430528 0 
-0.503565 -1.423678 1 
1.684525 1.724119 0 
1.243751 0.192826 0 
0.411890 1.573365 1 
2.227812 -1.884369 0 
0.778022 -0.107597 1 
0.677751 0.706845 0 
0.150540 0.327445 1 
0.073578 -0.153007 1 
4.857503 0.528456 0 
3.231038 -1.183715 0 
0.897295 0.338511 1 
1.446176 -3.441554 0 
0.458676 0.559648 1 
4.167039 -0.882061 0 
0.401228 1.332520 0 
0.265775 0.821525 1 
-0.743615 1.617586 1 
4.024471 3.312991 0 
4.852311 1.221050 0 
3.058454 0.151722 0 
-0.723824 -1.421035 1 
0.917033 0.545391 1 
3.997004 -2.645835 0 
2.596557 1.998889 0 
-0.564035 0.814989 1 
-0.090953 0.700821 0 
-0.160030 0.375888 1 
1.212955 2.624138 0 
0.890036 1.960168 0 
0.500726 -2.420015 0 
1.366795 0.122981 1 
-1.024156 -1.034306 1 
-1.281511 -0.497192 1 
-1.602012 -2.163887 1 
0.482789 3.131949 0 
0.805669 1.402105 1 
0.810859 0.405724 1 
0.921590 5.271686 0 
-0.359125 -0.151881 1 
-2.250997 0.693995 1 
2.843764 -3.306694 0 
-1.039708 3.895885 0 
1.040608 -0.908323 1 
1.269853 -1.982632 0 
0.154421 0.899079 1 
1.951052 -1.849918 0 
3.206980 -0.817394 0 
-1.185559 -1.631727 0 
-0.634537 -0.435711 1 
-1.081172 0.738910 1 
0.885230 -3.178896 0 
-1.790132 -0.260383 1 
3.021165 -0.258354 0 
0.656834 -2.077884 0 
4.194861 -1.829310 0 
-1.542161 0.606729 1 
2.551765 -2.405345 0 
2.994097 -0.638387 0 
0.088245 -3.240058 0 
3.027520 -0.511968 0 
2.925749 2.673992 0 
0.013005 -2.604548 0 
-1.218557 1.317484 0 
-0.556441 0.811376 1 
-0.675405 -2.936858 0 
1.167948 -2.234746 1 
-0.163350 -0.354312 1 
-0.213221 -0.348460 1 
4.262883 0.328118 0 
0.549160 -1.114410 1 
3.601644 -2.800731 0 
-0.636398 -1.843175 0 
0.313395 -1.552600 1 
-1.652944 0.898118 1 
-1.698981 -1.014828 1 
-0.540347 0.402035 1 
0.899915 2.164230 1 
-2.392458 -1.424950 1 
1.708639 -1.859472 0 
2.879701 -0.399581 0 
0.731823 -3.154577 0 
2.899933 -0.351129 0 
0.287330 -0.282744 1 
3.185110 -0.227975 0 
-0.124212 -0.470556 1 
0.486153 0.429179 1 
0.093784 0.923909 0 
2.499701 -2.257202 0 
-0.228251 -2.091185 0 
1.527224 0.208114 1 
-0.655966 -1.396911 1 
1.386214 -1.449803 1 
1.289213 -0.540816 1 
-0.886454 -1.446626 1 
1.567088 -0.390133 1 
-0.368486 -2.306869 1 
4.718943 3.470392 0 
-1.326076 -3.495269 1 
1.508268 -0.214378 0 
3.965145 -3.718385 0 
-0.118859 -0.187341 1 
1.755296 -1.292635 0 
0.491311 -1.217491 0 
0.589941 -0.112689 1 
2.329445 -0.863172 0 
2.347659 -2.742269 0 
-0.396662 -2.058594 1 
-1.278130 0.085428 0 
-0.254308 -0.488587 1 
0.370986 0.846339 1 
-1.059527 -1.306118 0 
-0.025799 1.538235 0 
-0.966898 1.311497 1 
4.853519 2.460591 0 
-1.114009 0.935417 1 
2.431912 4.556998 0 
-0.475076 -0.779261 1 
-1.472800 -0.186707 1 
0.611040 1.625069 1 
-1.507477 1.750744 1 
0.734200 -0.608165 1 
2.118985 1.411965 0 
0.195722 1.581006 1 
0.599944 -2.066784 0 
1.308192 0.398710 0 
1.971595 1.240685 0 
3.749818 5.229053 0 
-0.766533 0.352540 1 
1.293636 -3.789610 0 
3.952927 2.545750 0 
0.046194 0.697747 1 
0.647013 -1.234773 1 
0.463816 -0.411827 1 
-1.308458 -1.256451 0 
0.905091 -0.478017 1 
5.986186 -0.146234 0 
1.567593 0.859834 0 
2.617133 -2.582267 0 
-0.379938 -1.781886 0 
-1.075181 -0.141034 1 
-0.357400 -0.043151 1 
2.371368 2.086310 0 
0.309307 0.401621 1 
1.140973 0.283072 0 
-0.310956 -4.943812 0 
0.677046 -0.050082 0 
0.101056 1.669604 0 
0.738456 0.355207 0 
1.871670 -1.414976 0 
1.391977 2.513774 1 
3.348816 -3.200680 0 
0.671806 -1.122135 1 
0.497820 -2.349171 0 
1.175376 0.580361 1 
-1.001817 1.158765 0 
5.501900 -1.533428 0 
1.820453 -1.866015 1 
3.866376 -1.426488 0 
0.711973 -0.175730 1 
0.460003 -0.598321 1 
1.527610 -0.437638 0 
3.905903 -0.006733 0 
0.143764 1.497113 1 
1.417445 -1.716688 1 
-2.213605 1.595097 0 
0.066798 -0.096842 1 
3.312958 3.017083 0 
0.094509 0.983733 1 
-0.197666 -1.299253 1 
0.011777 -1.892525 1 
3.120333 -0.709043 0 
-1.912574 1.152730 0 
3.314420 -4.626415 0 
0.233204 1.857075 0 
-1.411477 0.066076 1 
3.905879 1.042770 0 
0.218108 -0.271131 1 
-0.766545 1.024284 1 
-0.033768 -1.424134 0 
3.774474 2.093298 0 
-0.794005 -3.101357 0 
0.239464 1.425091 0 
0.954812 2.689369 1 
0.044235 2.198314 0 
0.171796 -0.584826 0 
0.752499 -1.263582 1 
6.095393 1.105870 0 
0.879069 -2.923938 0 
1.222370 0.841290 1 
-0.163252 0.481215 0 
1.866500 -0.883421 0 
-1.773877 2.086565 0 
0.008424 -2.191412 0 
-0.063474 -0.199508 1 
-1.845306 -0.667840 1 
1.866664 -0.946596 0 
1.764618 -0.617685 0 
5.910921 0.421316 0 
-0.159630 1.208046 1 
3.287777 2.483621 0 
-1.941130 -1.253544 1 
3.905242 -1.892919 0 
1.418197 1.893485 0 
1.084543 -0.783130 0 
0.895415 -0.911404 1 
-1.246927 -0.683507 1 
-1.569232 -0.204777 1 
1.360836 -0.193748 1 
0.009330 -1.706565 0 
-0.087379 0.952501 0 
0.302378 0.345916 1 
3.128077 1.150485 0 
-0.250745 0.640736 1 
7.433744 0.323512 0 
0.919624 1.576060 0 
0.405792 0.760895 1 
2.107403 0.633142 0 
0.779434 -1.141494 1 
5.852324 -1.369559 0 
0.257524 1.194820 1 
1.341418 -0.296732 1 
-1.382815 -0.268882 1 
1.041295 0.650620 0 
4.014300 -1.614101 0 
0.643934 0.916435 0 
-2.685758 0.400464 1 
1.678658 -1.072973 1 
2.546867 -1.317084 0 
0.273728 0.321819 1 
-0.501389 -0.089994 1 
0.039519 0.076748 1 
-0.696492 -1.990398 1 
-1.369888 0.060181 0 
2.086506 1.323699 0 
-0.090169 -0.903807 0 
1.997939 -1.280024 1 
2.362471 -0.182444 0 
-0.079258 0.743085 1 
5.971480 -0.476969 0 
0.482633 -0.258391 1 
1.712888 -1.551368 0 
-0.307653 0.306928 1 
2.454128 0.354441 0 
1.434567 0.322970 1 
4.433201 1.821594 0 
0.890172 -0.938738 1 
-0.223899 0.185538 1 
1.083743 -0.080750 1 
0.554830 0.482007 1 
0.123464 1.584891 1 
1.694180 -0.702108 0 
-0.089505 0.788885 0 
0.836542 -1.579265 1 
0.658596 -0.010989 1 
-0.879056 -0.360659 1 
0.680027 0.401565 1 
3.114108 -2.315260 0 
0.711315 -0.219258 1 
-0.249849 0.882070 1 
3.339205 3.968566 0 
-1.618368 0.233346 1 
-0.408734 -0.991302 1 
0.783802 -0.025808 1 
-1.443018 -1.390088 1 
0.458153 0.036446 1 
1.369655 0.904568 0 
0.550051 -0.936320 0 
-1.771180 0.677542 1 
0.543628 0.406328 1 
1.387870 0.791171 0 
0.408947 -1.493248 0 
-0.512369 -2.186451 0 
1.879403 -1.637974 0 
-0.071460 0.833527 1 
-0.405660 -0.496218 1 
-1.279230 0.696787 1 
2.265866 1.421459 0 
0.118664 -1.064501 1 
0.309264 -1.298961 1 
1.233362 -1.821144 0 
0.095863 1.884574 1 
3.216154 -1.216911 0 
4.248327 4.113459 0 
2.182005 -0.297082 0 
0.331703 0.315337 1 
3.153973 -0.092147 0 
0.535633 -0.295130 1 
-0.559390 0.206079 0 
2.613204 -2.701377 0 
4.696666 0.852824 0 
-1.203376 0.542254 0 
-1.440847 1.915370 0 
2.470883 7.347427 0 
0.079701 -0.552618 1 
-0.739787 -0.174071 1 
0.326831 -1.374809 1 
1.774629 0.818998 0 
1.448836 0.500411 1 
0.521703 1.898591 1 
0.872826 -0.447525 1 
-0.962712 -1.905026 0 
2.319673 -0.922087 0 
0.063982 -1.115047 0 
1.215149 5.202705 0 
3.202687 -0.459767 0 
-0.252054 0.419923 1 
0.235939 -0.938291 1 
0.137297 -1.284283 1 
2.034445 0.103258 0 
4.910867 -1.084296 0 
-0.571531 -1.067508 1 
0.134866 0.299723 1 
0.164831 0.143977 1 
0.104843 -0.311647 1 
0.447723 1.705525 0 
1.697392 -1.456542 0 
-0.681479 -0.764607 1 
1.882555 1.529224 0 
4.489076 -3.092829 0 
2.378293 -1.412439 0 
3.442510 -0.209137 0 
1.107651 -0.791190 1 
1.539623 -1.321234 1 
0.007833 -1.014585 1 
1.432339 -1.828214 1 
0.969394 -2.679518 0 
-0.114750 0.605697 0 
3.435653 4.986324 0 
0.325634 1.892431 0 
5.737257 -3.356237 0 
1.554092 -0.655480 1 
-0.067129 0.723051 1 
-1.407455 -0.277254 1 
-0.277388 0.599908 1 
1.082682 2.256814 0 
0.456709 -5.880962 0 
-0.297231 0.528127 1 
0.977306 1.704550 0 
-0.125405 0.251019 1 
0.096160 -0.618049 1 
0.423779 0.890200 1 
0.235099 -0.033488 1 
0.365409 2.401486 1 
-1.309777 1.838334 1 
-1.562359 2.184756 1 
0.553285 -0.421150 1 
0.012605 -1.571590 1 
1.410344 2.370651 0 
0.050633 -1.088535 1 
-0.170709 0.057979 0 
3.212141 -1.884565 0 
0.028792 3.130434 0 
0.139196 -2.009793 0 
3.483807 0.139557 0 
5.205301 -0.216170 0 
0.270969 -0.458245 1 
5.740871 -0.404375 0 
1.506835 3.891390 0 
0.985811 0.130025 1 
0.610911 0.337637 1 
-0.092028 -0.345838 1 
-0.817601 2.502065 1 
0.639839 1.064389 1 
3.481635 0.007398 0 
0.278824 -0.298011 1 
1.397583 -0.732256 1 
1.859226 1.417984 0 
1.247388 0.718852 0 
0.987678 -1.379432 0 
0.061065 -0.335031 1 
1.567750 2.101574 0 
-0.304746 0.770835 1 
-0.620678 -0.132501 1 
0.937336 -2.351141 0 
-0.516905 0.483822 1 
-1.158011 -1.542915 0 
-2.052355 -1.657143 1 
3.874957 2.470420 0 
3.346493 1.711502 0 
1.933514 3.049776 0 
-0.342219 -2.093069 1 
-0.148318 -0.276201 1 
3.686559 1.388505 0 
-0.635378 -0.120351 1 
2.945972 -2.610443 0 
3.871505 -0.365087 0 
0.626045 -0.747741 1 
-0.484870 0.414557 1 
-1.093418 0.590572 1 
-0.065137 0.697191 0 
2.666693 0.353868 0 
-0.380752 -0.202147 1 
0.420663 0.849738 1 
2.088690 1.500696 0 
-0.937998 -0.992655 0 
-1.471139 0.552684 1 
-0.462862 -0.590827 1 
1.220302 -1.102838 0 
3.967395 -1.329615 0 
-0.491909 -1.139553 1 
-0.948500 0.402244 1 
-0.378669 0.162098 1 
1.206919 0.808132 1 
1.287916 2.533719 1 
-1.357179 -1.066154 0 
1.237044 2.073870 0 
-1.463183 -0.067792 1 
0.432974 -2.175533 1 
1.620659 -3.031708 0 
-1.469266 0.368552 1 
3.443679 0.075599 0 
0.618092 -0.864385 0 
0.176712 -0.952314 0 
-0.047344 -0.833127 1 
1.247696 -0.426912 1 
2.517530 1.770729 0 
-1.053070 0.496703 1 
-0.346813 -0.313590 1 
-0.344227 -0.585507 1 
3.021726 -3.577157 0 
-1.682278 -2.248870 1 
-0.369085 1.147703 1 
2.180680 1.082254 0 
4.493348 -2.849796 0 
-1.093166 1.310992 1 
-0.415880 -1.778449 1 
4.712798 0.095563 0 
-1.808556 -1.210733 1 
0.355815 -0.093274 1 
2.122657 2.362003 0 
-0.220220 2.047233 0 
3.680269 0.031974 0 
0.691064 -0.562392 1 
1.763742 1.268767 0 
0.069577 0.468851 1 
4.058912 1.802878 0 
1.579427 2.021625 0 
0.286985 -0.760951 1 
0.120489 0.065584 1 
-0.969126 0.171159 1 
0.867021 -1.660729 0 
1.478263 0.669806 1 
0.925852 -0.341842 0 
0.194981 -0.545511 1 
0.059191 0.023378 1 
0.928825 -0.703320 1 
0.996025 -0.641997 1 
-1.416654 0.751978 0 
1.366741 -0.909507 0 
4.317505 1.628705 0 
-0.104340 0.537743 1 
0.489899 -1.559132 1 
3.492612 -0.198013 0 
-0.936189 0.764075 1 
-1.074453 0.449176 1 
1.289443 -0.717662 1 
3.890748 0.445960 0 
4.796950 -1.477509 0 
2.555566 0.167362 0 
0.755051 0.244750 1 
-0.859302 -0.055364 1 
0.963464 2.761761 0 
1.631567 1.015528 1 
-0.700635 0.185525 1 
-0.542730 -0.799438 1 
1.512861 0.183755 1 
2.495576 -1.628618 0 
2.119816 -1.569182 0 
1.058504 3.333390 0 
0.691199 -0.233382 0 
0.283789 -0.558368 0 
-0.798800 1.846621 1 
0.580685 -0.514836 1 
-0.432079 -0.488800 1 
0.703716 1.208012 1 
2.313125 -1.530186 0 
-0.161014 1.497960 1 
0.183829 0.658563 1 
-0.614895 1.105138 1 
3.008996 1.414774 0 
0.598514 0.850689 1 
3.239841 -2.104000 0 
0.980998 0.287778 0 
3.459429 -0.560048 0 
2.299390 -1.750277 0 
-1.732163 -0.930066 0 
4.256327 -1.127342 0 
1.001550 -0.096726 1 
1.953968 3.907340 0 
1.417481 -1.962670 0 
5.993808 -1.204031 0 
-1.853016 -1.521696 0 
4.025040 3.443945 0 
4.405027 0.789854 0 
1.457317 -0.184994 1 
1.265373 0.366893 1 
4.868426 1.716600 0 
0.896414 -1.987792 0 
4.431785 -1.414960 0 
3.222531 3.675905 0 
1.047936 -0.419816 1 
0.234015 1.811403 1 
3.794905 0.491783 0 
1.305693 -1.483543 1 
0.939007 -0.953777 1 
1.036582 -0.033945 1 
-0.982077 -0.496165 1 
0.351221 0.172254 0 
-1.043626 5.118641 0 
-0.338506 1.124890 0 
3.915829 -1.919728 0 
3.526668 -0.100759 0 
1.387716 0.476772 1 
-1.266663 1.533784 0 
-1.182955 0.997434 1 
0.087229 -0.489944 1 
2.733677 3.204313 0 
0.561431 -0.157132 1 
0.297441 1.576904 1 
-0.860008 0.722619 1 
4.644350 -2.275883 0 
4.750386 0.640087 0 
-0.960844 1.239429 1 
0.843919 1.015329 1 
-0.897591 -0.005972 1 
0.728010 0.328442 1 
-0.128688 -0.846048 0 
0.054867 0.461518 1 
-2.286907 -0.985946 1 
0.277344 0.963071 0 
-0.900355 2.248651 1 
2.862965 -0.466601 0 
3.631116 -1.154531 0 
-0.197967 1.301853 1 
1.609598 1.897382 0 
5.899765 -1.843140 0 
-1.777432 -1.850951 0 
-0.630847 0.125906 1 
2.355022 -1.521305 0 
0.306726 1.087979 0 
-1.418211 -0.581081 1 
0.966560 -1.461318 0 
-0.140370 0.057466 1 
-0.079645 0.973391 1 
-0.100834 0.175454 1 
2.422982 -0.417508 0 
-0.063009 0.767580 1 
-0.654869 -0.647860 1 
1.970460 -0.015734 0 
-0.585143 -1.631650 1 
1.750465 -0.821974 1 
1.993266 -0.805496 0 
0.618994 0.582770 1 
0.985943 -2.077962 0 
-1.598980 -0.847777 1 
2.595730 -3.345713 0 
1.692574 0.524697 1 
3.541686 2.563912 0 
-0.083370 0.682648 1 
0.538822 1.019063 1 
3.989687 2.742707 0 
-1.031107 -0.794918 1 
-0.445396 -1.377416 1 
5.428139 0.807804 0 
0.402374 1.844252 1 
2.367337 -2.976493 0 
6.330147 -1.928172 0 
0.957410 -2.083424 0 
1.169296 -1.487101 0 
-0.546130 1.048426 1 
0.402948 1.100299 0 
-0.195413 -1.001297 1 
3.832264 -1.542287 0 
0.790162 0.511231 1 
-0.017951 -0.525869 1 
3.704119 2.737931 0 
0.836144 -1.869617 1 
0.364373 1.100514 1 
2.046619 0.588426 1 
-0.886926 1.687762 1 
-0.483073 0.541462 1 
0.940666 1.257683 1 
0.556645 -1.462306 1 
2.555424 1.427462 0 
3.944926 0.623509 0 
2.118185 1.508428 0 
1.830076 0.897014 1 
1.949478 -4.632644 0 
1.152964 -0.188610 1 
-2.227689 0.250037 1 
-1.725333 1.679707 1 
-0.561480 3.048785 0 
3.559710 1.338922 0 
1.037933 0.852567 0 
-0.356569 -1.456994 1 
0.889777 0.014073 1 
2.247028 -2.778000 0 
-0.306637 -1.534141 0 
0.806179 2.011241 1 
0.365168 0.073763 1 
0.378980 0.402893 1 
0.301735 0.870851 1 
-1.659955 2.412270 0 
-0.284673 1.112535 1 
-0.244592 -0.259256 0 
2.675096 2.626212 0 
1.635235 0.266278 1 
0.881834 1.424949 0 
0.929058 -2.167042 0 
0.980412 0.435845 0 
3.586976 0.459709 0 
-0.083722 -0.660259 1 
1.170671 -2.556202 0 
6.020045 -3.306229 0 
0.936322 -0.182094 1 
4.948560 -1.770005 0 
-0.872279 -0.476201 1 
0.801402 -0.429053 0 
0.416630 -0.275073 1 
-1.324327 0.459023 1 
1.423117 -0.709198 1 
0.480777 -0.826717 1 
-0.576345 1.367646 0 
5.406384 -1.968329 0 
0.253106 0.452167 1 
0.684655 -0.059395 1 
2.139351 3.170261 0 
0.663159 -1.514270 1 
0.819806 -0.880982 0 
-0.995564 -1.831121 0 
-0.235346 -1.658338 1 
0.581977 0.890466 0 
2.083808 -0.206669 0 
2.979150 1.415300 0 
0.557567 1.346359 0 
-1.683072 0.400425 1 
-1.073727 -0.454031 1 
3.679831 2.286123 0 
0.283844 -1.006511 1 
-0.262467 0.919644 1 
0.001326 1.171670 1 
3.051450 2.801669 0 
-0.906189 0.396422 1 
4.181499 0.933760 0 
-0.653509 0.320412 1 
5.792628 0.029663 0 
0.685283 2.596399 0 
1.158525 -0.039939 0 
-0.186549 0.225431 1 
-0.226300 2.648935 1 
-1.537096 -1.517026 0 
-0.755615 0.118831 1 
-0.767867 -4.362611 0 
7.716970 1.948371 0 
0.238450 -0.170174 1 
0.539704 -1.438075 1 
0.758640 4.376553 0 
-0.333802 -0.630920 1 
1.952935 -1.197893 0 
-1.278703 -0.476280 1 
4.929953 2.480610 0 
1.384385 1.850015 0 
0.812937 0.904986 1 
0.861615 -0.275896 1 
3.732651 1.674165 0 
1.747688 -0.910127 1 
0.345087 1.243101 1 
-0.432249 -0.294704 1 
3.862657 0.938043 0 
0.724367 -2.840332 0 
4.023491 0.342843 0 
-0.300768 0.202291 1 
-0.044655 0.144918 1 
-0.056446 0.002169 1 
0.555431 0.440253 1 
0.696063 -0.004746 1 
0.337662 -0.864800 1 
-1.113695 -0.145584 1 
2.332248 -0.666667 0 
2.223891 2.489935 0 
2.352288 -0.149924 1 
0.578717 0.549805 0 
4.918955 -2.160808 0 
-0.346689 -0.352353 1 
0.061440 1.899736 1 
6.361253 -1.261665 0 
0.422945 -0.766112 1 
4.357780 -0.703765 0 
1.507188 0.459150 1 
3.918665 -4.228893 0 
-0.221620 -0.424108 1 
-0.576969 -1.066720 1 
-0.703950 0.994120 1 
1.515480 0.301565 1 
3.693548 2.109991 0 
2.482127 -0.002493 0 
-0.381296 3.258729 0 
4.668438 2.853270 0 
0.682961 3.303817 0 
-0.466947 -0.066981 1 
-0.286384 -0.661563 0 
2.914699 -0.914690 0 
-0.345386 -1.357962 1 
-1.876025 -0.118083 1 
1.729663 4.051644 0 
1.830791 2.489223 1 
-0.005982 0.391374 0 
-1.249512 -1.737906 1 
1.253779 0.475328 1 
1.672593 -1.497480 0 
4.945272 -1.037098 0 
1.312725 -2.401756 0 
-1.247150 0.672720 1 
-1.450956 0.068148 1 
-0.307449 0.408527 1 
-0.909343 0.487890 1 
1.977618 0.083096 0 
-0.042107 -0.380340 1 
2.180347 4.340227 0 
3.490111 -3.442283 0 
-1.444203 -0.100316 1 
-0.273191 -0.006852 1 
-0.155473 0.769967 1 
0.922867 -0.970231 0 
3.368812 0.128694 0 
0.982662 1.393625 0 
-1.028494 0.722499 1 
3.276169 -1.206935 0 
0.777797 -2.116775 0 
2.332018 -2.596336 0 
-0.385265 0.613380 1 
-0.432044 1.484835 1 
-1.638148 -0.342412 0 
0.942557 -0.620719 1 
4.482504 -2.333714 0 
0.980526 -1.225824 1 
-0.298680 0.026737 1 
2.039112 0.299542 0 
-1.943170 0.351633 1 
0.148015 -1.768100 1 
0.107112 -1.273806 1 
0.384700 -0.047647 1 
2.469675 -0.465110 0 
4.163270 1.427385 0 
1.188083 0.503788 1 
3.694811 -0.435177 0 
-1.306128 -0.972287 1 
3.973505 -0.506067 0 
0.613730 -1.443517 1 
-0.220631 -1.901721 0 
1.010149 -0.429356 1 
-0.919187 1.205938 0 
1.993808 3.180360 0 
4.861668 0.652726 0 
-1.053364 1.316468 1 
1.813760 -0.055789 0 
2.294379 0.632441 0 
3.525961 -0.860279 0 
0.603599 -1.701413 1 
-0.786397 1.699688 1 
-1.935432 -0.007812 1 
1.203037 -1.586395 1 
-0.182712 -1.206085 1 
-0.745050 1.536616 1 
-0.183689 -1.007776 1 
2.094761 -0.226176 1 
2.500508 -1.757955 0 
-1.923306 0.119906 1 
1.089988 -0.634608 1 
-0.563910 -0.772054 1 
-0.115366 -1.369285 0 
1.692224 0.442059 0 
2.480535 -0.472871 1 
-0.835876 -0.618226 1 
-2.595458 -0.224603 0 
0.722607 -0.829076 1 
-2.932745 0.717266 1 
2.434327 -0.388186 0 
3.788402 -0.698855 0 
2.286915 2.306159 0 
0.401169 -0.323381 1 
3.892852 0.759849 0 
0.351277 -0.249219 0 
0.632600 0.958670 1 
1.047064 -1.815114 0 
1.356292 -0.142225 1 
3.822787 0.769083 0 
0.074641 -2.341237 0 
-0.801917 -0.359357 0 
0.468052 0.205159 1 
0.960385 -0.805051 1 
-0.300717 -1.108648 1 
0.219517 -0.608019 1 
-0.395069 1.082782 0 
1.876959 1.719859 0 
-1.859420 -1.064268 1 
0.460134 -2.127072 0 
0.946675 -0.287282 0 
2.613470 -1.039518 0 
0.967880 1.541755 1 
3.617675 2.993839 0 
-1.154603 -1.441098 1 
3.361136 -2.227069 0 
-1.868905 -1.060610 1 
1.494469 4.170957 0 
0.095200 0.415573 1 
4.318979 -0.659646 0 
-1.512080 0.061800 1 
0.479262 2.429429 0 
0.263669 -0.014203 1 
0.768273 -1.304955 1 
-0.645911 -0.968141 1 
3.356425 4.734441 0 
4.030834 1.298016 0 
5.370786 2.984095 0 
2.053602 -4.212632 0 
0.340941 0.365378 1 
6.379022 2.930341 0 
3.755752 -3.190201 0 
-1.290510 -1.690958 1 
1.801441 3.453885 0 
0.362565 -1.989088 0 
1.658682 0.801317 0 
3.844983 1.876314 0 
0.576826 0.327539 0 
0.404968 0.360203 1 
1.414738 2.370155 1 
2.138153 0.243576 0 
-2.096458 -3.124154 0 
2.934700 2.206391 0 
-0.787343 -1.647936 1 
-2.131829 -0.420829 1 
4.005796 -1.013240 0 
3.749328 0.429803 0 
1.220790 0.232676 1 
0.745341 1.379821 1 
5.037124 3.373595 0 
1.131998 1.524557 0 
1.122721 -1.041451 0 
2.130718 -0.640830 0 
1.089819 0.378331 0 
1.121947 2.679963 0 
2.879535 0.269851 0 
0.022545 -0.111022 1 
2.494495 2.907720 0 
-0.144527 0.016531 1 
1.573156 2.144585 1 
0.740659 0.648062 1 
2.591769 0.120373 0 
-1.879451 -0.692762 1 
0.279858 0.812657 0 
-0.231321 -0.256748 0 
-0.442325 -0.318743 1 
-0.513184 0.025683 1 
0.648594 2.128221 0 
5.489401 -1.003755 0 
-0.740497 -0.371238 1 
1.168796 -0.358124 1 
0.259973 0.482118 0 
0.510918 -0.720496 1 
1.559083 -1.559692 0 
2.984610 4.058094 0 
-2.217626 -0.676300 0 
1.008538 -1.474061 1 
-0.439118 -0.671233 1 
1.322204 -0.445030 0 
0.599166 2.421027 1 
1.285988 -0.243049 0 
1.310713 1.585413 0 
0.048193 0.162326 1 
0.807667 -1.479367 1 
2.392124 1.326858 0 
4.962885 1.417578 0 
-1.559063 -0.612911 1 
1.391428 0.457484 1 
-1.453299 -2.137893 1 
-1.187275 0.853476 1 
-0.300114 -0.305416 1 
-0.085350 1.085131 1 
0.402177 1.606383 1 
0.438144 -0.070876 1 
-0.404112 0.259211 1 
0.368905 1.490402 0 
2.838856 1.655621 0 
2.907470 -0.255069 0 
4.842957 3.964871 0 
0.704596 0.621381 1 
1.533706 0.523520 0 
2.233761 3.109399 0 
3.521415 0.249762 0 
-0.526124 -0.224002 0 
8.279417 -0.971650 0 
0.541573 -0.578538 0 
-1.271259 2.535131 0 
0.529184 1.712968 1 
-0.118389 1.779074 1 
0.087765 -0.432707 1 
-0.877402 -1.986769 0 
2.189240 0.544694 1 
3.750662 -0.791261 0 
-1.996042 -0.106698 1 
1.370994 -3.453836 0 
0.557318 -1.159247 1 
2.180547 0.019740 0 
1.342081 -0.194297 0 
5.031471 3.712826 0 
0.609915 0.812519 1 
-0.542650 -0.101397 1 
-0.466337 -3.505518 0 
2.562042 -0.503750 1 
4.035094 -0.492611 0 
1.013093 1.883459 0 
5.352936 -1.442894 0 
1.396391 -2.337672 0 
-1.679908 1.640017 0 
-1.086159 1.517510 1 
1.397475 2.197682 1 
-0.383627 -1.599936 1 
0.295185 -1.056229 0 
0.529293 1.460672 1 
0.934764 1.395224 0 
3.677448 2.006957 0 
1.393653 0.893918 0 
-0.261859 -2.430805 0 
-0.207451 0.659068 1 
0.939010 -0.067303 1 
5.292106 -0.583354 0 
-2.269777 -0.888200 1 
4.036662 -3.003604 0 
2.036703 0.044902 0 
-1.562820 -1.365247 1 
-0.384907 0.600208 1 
1.054484 -3.083241 0 
-0.314283 0.054365 1 
1.618846 -1.934835 1 
-0.482361 -1.099223 0 
1.296799 0.396253 1 
6.169342 0.458370 0 
1.856330 0.045820 0 
-2.121488 -0.533550 0 
1.580892 2.651535 0 
0.949492 0.029295 0 
2.695189 0.716775 0 
-1.303503 1.673683 0 
0.719041 0.874746 0 
2.474527 -3.174371 0 
-0.334013 2.271711 0 
0.752728 -0.341768 0 
0.507863 1.002017 0 
-2.125374 1.500406 1 
-0.933905 3.368143 1 
4.280618 -1.300090 0 
-1.799694 -1.613434 0 
0.779915 -0.263106 1 
-0.188552 1.146498 0 
0.157273 0.720452 1 
0.802263 0.248353 1 
3.891149 0.816863 0 
3.361303 -1.765671 0 
0.409935 0.609669 1 
0.052280 -0.424394 1 
0.203674 -0.085653 1 
2.158874 1.567878 0 
1.536218 -1.628884 0 
3.516078 -0.293042 0 
2.694457 1.003004 0 
-1.208273 0.299410 1 
-1.020830 1.033451 1 
1.685466 -0.006348 1 
-3.124738 2.887631 0 
1.951103 0.259568 0 
-1.335268 0.139722 1 
0.162024 2.544207 0 
3.721473 -0.797498 0 
0.920396 -0.702312 0 
1.330904 -0.452291 0 
0.239912 -0.746811 1 
3.298108 0.322145 0 
0.104519 -0.224200 1 
1.141456 0.147312 1 
2.970721 2.391663 0 
-0.555320 0.791976 1 
-2.028804 2.191790 1 
2.720024 2.096352 0 
2.362055 0.026219 0 
-0.038541 0.055487 1 
-0.528297 -0.106934 1 
5.854801 -0.961766 0 
-1.208217 -0.881670 1 
0.868786 1.417613 1 
0.117355 -0.356687 1 
3.905220 -3.928935 0 
-0.335529 2.137830 0 
1.289876 0.576291 1 
1.275889 -1.228121 0 
4.934612 -1.103775 0 
2.253229 0.764133 1 
0.402219 0.913958 1 
0.285011 0.735483 0 
1.541395 0.734507 1 
1.222689 0.609057 1 
0.735207 -0.160680 1 
-0.130965 -0.198516 1 
-0.089690 0.678456 1 
0.390166 2.997061 0 
-0.082504 -3.220467 0 
-0.135763 -2.043788 0 
0.591314 1.198239 1 
4.528143 3.184474 0 
0.106763 2.962973 1 
1.003139 1.048136 0 
2.273501 -2.133270 0 
-0.869473 0.313357 1 
-2.052048 -0.798898 1 
0.528903 -1.866117 0 
6.214444 -1.303952 0 
-0.220848 -2.290541 0 
1.700285 0.299951 0 
4.358778 2.380055 0 
-0.042017 -0.807862 1 
2.551842 0.503181 0 
1.013649 0.053816 0 
-0.194793 1.573016 1 
3.792076 -2.162410 0 
1.221328 -2.190846 1 
1.895982 2.443905 0 
-0.112236 1.880771 1 
0.576967 -1.081678 0 
-0.812403 0.511967 1 
1.354862 -0.618806 1 
-0.248103 0.296806 1 
1.019348 -0.366258 0 
-0.019335 2.094259 1 
0.108839 0.403338 1 
1.965699 6.568572 0 
0.010585 -0.541107 1 
-0.334691 -0.974198 0 
-1.166891 1.276614 1 
-0.766833 0.004667 1 
1.827738 -0.679825 0 
1.313060 -0.251684 0 
-0.043994 0.560250 1 
1.837544 -1.579237 0 
0.029992 0.028079 1 
-0.833193 1.346763 1 
0.348655 -1.366984 1 
-1.129560 -1.438707 0 
0.716916 0.076388 1 
-0.530663 -1.145513 1 
1.534199 1.033032 1 
-0.216918 -1.932172 0 
-0.759551 -0.268807 1 
-0.758064 1.849525 1 
-0.216008 0.063515 1 
0.405404 -0.766659 0 
0.885114 2.455430 0 
3.465975 0.376482 0 
2.283833 1.349086 0 
0.257176 0.984385 1 
-0.425459 -0.577407 1 
0.724360 0.275510 1 
4.287722 3.999227 0 
-1.327332 0.382509 1 
2.274880 1.967660 0 
0.157981 2.886110 1 
-1.386886 -2.680049 0 
0.585667 -0.285916 1 
-1.507271 -1.695672 1 
-0.743260 1.575410 1 
2.694268 -1.342580 0 
1.415510 -0.606297 1 
1.598728 6.755900 0 
-0.369991 1.324367 1 
-0.520657 -0.033647 0 
3.579047 -3.632505 0 
2.553618 0.753373 0 
-0.603510 0.420642 1 
1.842458 -2.360685 0 
1.642758 -1.003501 1 
2.341424 -1.599332 0 
-0.732444 0.481337 1 
-2.248266 0.088747 1 
-0.353455 -0.878062 0 
0.023220 -0.359243 1 
0.243394 0.787980 1 
-1.993365 0.298098 1 
1.391699 -2.255258 0 
0.958178 0.364191 1 
-0.662595 -0.515688 1 
2.448520 1.262842 1 
2.102290 0.412984 0 
-0.498919 -0.909400 1 
-0.123453 -1.529154 1 
0.081865 2.478224 1 
-1.754894 -2.487571 1 
-1.190054 -1.135214 1 
3.334815 -7.519340 0 
-0.185887 -1.025341 1 
1.996545 -2.190765 0 
0.448025 1.504272 1 
0.957848 -1.021581 1 
0.041201 -1.599315 1 
3.049499 -1.240411 0 
0.173346 -0.824163 1 
0.965779 -1.802041 0 
-0.630665 0.089120 1 
-1.641264 1.880652 0 
1.584741 3.582093 0 
0.294873 0.157153 1 
-0.043021 1.129358 0 
0.285307 0.437902 1 
0.555549 0.110925 1 
3.990491 -0.659080 0 
0.504848 0.025877 1 
0.845863 -1.026304 0 
0.111408 -1.035953 1 
4.148692 -0.035316 0 
-0.199003 -0.530154 1 
-0.211297 -0.066743 1 
0.721476 1.045962 1 
-0.635394 1.202948 0 
1.296592 -0.794901 1 
1.586583 1.784806 1 
3.181399 0.664578 0 
2.966516 -2.092107 0 
1.651653 -1.533680 0 
2.429828 1.264662 0 
2.512336 -1.482794 0 
0.275428 1.623994 1 
-0.067217 2.029475 0 
0.247204 -0.390091 0 
-1.294918 0.263544 0 
0.619657 1.362863 0 
1.824596 0.536770 0 
2.582353 -0.655370 0 
-0.829077 -0.635974 1 
0.813303 -1.777774 1 
-0.774278 4.226183 0 
2.520603 -2.783175 0 
0.454596 0.689314 1 
0.463891 0.094278 1 
0.305694 -0.355122 1 
-1.804121 -1.344826 1 
2.879401 -2.678731 0 
4.791476 -3.683220 0 
4.964945 0.807456 0 
0.317705 -0.431974 1 
-1.173290 1.119460 1 
1.554127 -2.087255 0 
0.286171 -0.214419 1 
3.672572 1.170534 0 
2.589750 -0.326730 0 
5.740651 -0.667034 0 
2.248148 -3.239518 0 
-0.158772 0.264363 1 
-0.249428 0.523236 1 
-0.646895 0.461452 1 
2.682096 1.256571 0 
1.377455 -0.081099 1 
-0.772053 -2.917173 0 
2.536988 2.740200 0 
-0.047023 0.102327 1 
0.344708 0.339145 1 
0.116544 -2.194852 1 
4.414419 1.142306 0 
3.137216 -0.831754 0 
0.049345 -1.062211 1 
-0.194407 -2.040282 1 
0.448581 1.068212 1 
2.031521 -0.766674 0 
3.848527 2.295260 0 
0.530552 -0.778501 1 
1.365620 2.443705 0 
5.703221 -0.169135 0 
0.016996 1.526798 0 
0.611258 -1.054677 1 
3.379369 0.165194 0 
1.088592 0.552124 1 
-0.505125 -0.375110 1 
4.647561 -4.774483 0 
-1.298388 -0.062039 1 
0.390632 0.991494 1 
-0.990986 0.272983 1 
-0.216824 1.003899 1 
1.473666 -0.506343 0 
-0.229640 -1.082079 0 
1.335408 0.049552 1 
1.626875 0.209548 1 
1.371622 0.152567 0 
-0.850058 -2.309386 1 
2.701387 1.577848 0 
2.396116 -1.116641 0 
-0.805311 -0.316433 1 
-0.532617 -0.220663 1 
1.307264 0.434626 0 
-0.503172 -0.001845 0 
3.098058 2.923708 0 
-2.127894 -1.675886 0 
0.913480 2.318227 0 
4.103766 2.289967 0 
0.239598 0.358448 1 
-0.223731 -3.209878 0 
3.469914 2.731994 0 
-0.652979 0.707595 0 
1.208781 1.882082 0 
4.682442 1.059450 0 
3.971049 0.427159 0 
1.502339 -1.983513 1 
0.184122 0.578754 1 
4.149243 -2.450970 0 
5.207572 -0.005432 0 
-2.194811 -1.276636 1 
0.209299 -0.023524 1 
1.094145 -0.713589 0 
-1.217371 0.079901 1 
-0.776238 -0.982914 1 
-0.356189 -0.558215 1 
0.070888 -2.548181 0 
0.405863 1.429092 0 
-1.329884 -0.387942 1 
3.608756 -0.808450 0 
1.393083 0.153269 1 
-0.493830 0.500660 0 
-0.795900 1.136280 1 
-0.762031 -0.249569 1 
0.955100 2.326608 0 
-0.988042 -0.083689 1 
0.949852 -0.055921 1 
3.154937 2.353364 0 
0.906879 -0.794112 1 
1.242793 1.716437 0 
1.078467 -2.045384 0 
0.101885 1.459466 1 
-1.601616 0.052575 1 
2.690053 -1.296136 0 
-0.176054 -0.337707 1 
0.305800 -1.931444 1 
0.205344 1.544498 0 
3.024663 1.323448 0 
1.005278 1.584343 0 
0.779629 0.426204 1 
-0.826414 1.028189 1 
0.390590 2.028308 0 
0.992709 -1.285069 1 
0.581811 -0.965777 0 
0.308469 -1.229036 1 
0.362872 -0.958819 1 
1.127877 -1.251027 0 
1.288910 -1.195193 1 
2.422072 1.742828 0 
0.463220 -0.524586 1 
-0.420954 1.346370 0 
-2.228312 0.057177 1 
2.636008 -1.882156 0 
0.158838 -0.466786 0 
1.188521 -0.309865 1 
0.721826 -4.903967 0 
4.843246 -2.348248 0 
-0.056077 -3.801745 0 
1.833188 -4.368972 0 
1.238326 3.215335 0 
0.274759 -1.847808 1 
2.975947 2.426544 0 
-1.004979 -0.379238 1 
1.167189 -2.300984 0 
2.677242 -1.225746 0 
-1.023356 0.391298 1 
0.092164 1.023778 1 
-1.651036 -0.177450 1 
0.071728 -2.186903 1 
-1.254393 0.713764 1 
-2.949164 0.376952 0 
4.274090 -0.945110 0 
-0.758115 0.935559 0 
1.497879 -0.138204 1 
6.412391 -4.196470 0 
0.733277 -0.979322 1 
0.091537 -2.279169 1 
-0.778319 0.091415 0 
3.464924 1.909478 0 
3.225745 2.757256 0 
2.407270 0.751779 0 
-0.642981 0.001828 0 
2.593443 0.771109 0 
0.935529 0.206499 1 
-0.517089 -2.375980 1 
2.533122 0.827421 0 
4.084072 2.080847 0 
1.047664 -1.225644 1 
1.425901 1.284229 0 
2.699121 0.715958 1 
-1.948343 0.987709 0 
0.247936 1.879729 1 
1.795778 0.258459 1 
-2.444965 -0.917791 0 
-0.277959 1.167894 1 
0.791517 1.241230 1 
3.886577 1.193659 0 
-1.091353 0.176061 1 
-0.006077 -0.698728 1 
-0.219898 4.190548 0 
3.250086 -0.167241 0 
0.689628 0.833142 1 
3.553395 0.032673 0 
-0.290761 1.195530 1 
3.549695 0.578927 0 
-0.120521 -0.568724 1 
0.887196 -0.553007 1 
3.243670 -0.608263 0 
1.644826 -2.703049 0 
0.523128 -1.318739 1 
1.998930 0.507373 1 
3.949263 0.371270 0 
-1.063381 -1.228222 1 
-0.184598 1.031905 1 
-0.289941 -0.959884 1 
2.330538 -2.275555 0 
-1.865717 0.155203 1 
-0.612269 1.495139 1 
-0.493596 -0.603334 1 
0.211630 -2.452118 0 
0.126884 0.455255 1 
-0.447492 0.937308 1 
-0.335220 0.152575 1 
5.297037 4.440134 0 
7.656330 -0.934963 0 
-0.477522 0.674488 1 
0.149033 -0.269394 1 
-0.902395 1.579220 1 
2.579607 2.294328 0 
0.730851 0.447285 1 
-1.818225 -0.147100 0 
2.657888 2.625807 0 
1.358106 0.305522 0 
-0.826071 1.778177 1 
1.076388 -2.450145 0 
0.518217 -0.115697 1 
2.106566 1.627154 0 
0.915522 0.693382 1 
-0.124863 1.156847 1 
2.491764 0.869031 0 
0.036864 0.791249 1 
1.862287 0.635102 0 
3.586795 -0.015778 0 
-0.898235 -0.735378 1 
0.171112 4.226934 0 
-1.474610 -1.089713 1 
0.909422 -0.701238 1 
0.325878 2.570443 1 
0.517001 -1.479283 1 
2.092220 -0.590402 1 
0.210572 1.141767 1 
-0.963124 0.201177 1 
1.684040 -0.312442 1 
1.091861 0.329083 1 
-0.445745 -1.885984 1 
-0.368567 2.535295 1 
0.540366 -1.116940 1 
1.410493 0.337174 1 
5.570954 -1.692897 0 
2.198662 -4.085062 0 
0.378153 2.356269 1 
-2.055957 0.077739 1 
0.226927 0.401574 1 
0.909167 1.062446 1 
-0.284822 1.235128 1 
0.779084 -0.587137 0 
4.179516 0.029634 0 
0.643347 -2.787646 0 
3.227244 0.862093 0 
1.306993 -0.128249 1 
-1.060714 0.872869 1 
3.034646 -0.614164 0 
-0.806716 -0.792514 1 
4.411169 0.552630 0 
2.117263 -0.989646 0 
-0.012405 -0.406682 1 
1.545790 -2.527600 0 
0.560141 1.284567 1 
4.465335 0.476439 0 
-0.070898 -0.848827 1 
-1.639528 -0.309800 0 
3.302862 2.524784 0 
-0.411967 -0.763936 1 
3.910985 -0.067703 0 
-0.465742 -0.471579 1 
-1.085353 -2.609103 1 
1.052990 -0.644029 0 
-0.371868 -0.877749 1 
-1.220742 1.433408 1 
2.758237 -0.997871 0 
2.662591 -1.975760 0 
0.253159 1.043414 0 
1.372377 -1.034955 1 
3.603170 -2.356735 0 
1.381962 0.613810 1 
-0.038261 -0.509587 1 
3.220905 -0.171656 0 
0.890491 -0.963923 1 
1.385803 0.693096 0 
2.393007 2.190408 0 
3.442952 0.603661 0 
2.272337 2.301832 0 
3.426653 -1.697672 0 
-1.372779 -0.178054 1 
0.397123 -0.802014 1 
-2.943807 -1.249668 0 
-1.696164 -2.420577 1 
2.672847 2.319837 0 
-0.236739 1.573536 1 
-0.285236 0.364906 1 
-0.656374 1.443383 0 
2.043853 2.897244 0 
1.072266 3.226658 0 
0.131796 -0.912411 1 
0.564443 0.614224 1 
1.980512 -1.070615 0 
2.233102 -1.736536 0 
-0.609608 0.585131 1 
0.209572 0.095107 1 
-0.496472 -0.298906 1 
-0.210423 1.304363 1 
-0.067886 -0.060066 1 
0.587657 -0.494698 0 
-0.996705 0.191210 1 
0.526792 -1.506050 0 
1.010423 -0.317986 1 
0.978345 -0.291946 1 
-0.298443 0.697893 1 
3.194291 0.413464 0 
0.373348 0.544030 1 
1.733565 0.663474 0 
3.823609 3.333408 0 
1.529176 -0.243584 1 
2.102839 -1.995543 1 
4.731305 -3.428450 0 
3.039198 -2.065304 0 
-0.140324 0.436895 1 
-1.954536 0.661212 1 
1.179423 -1.253001 1 
-1.388064 0.357918 0 
0.406768 -0.062847 1 
-0.750726 3.919003 0 
0.974187 1.710166 1 
-0.840094 -1.049744 1 
-1.048959 2.038400 1 
3.014842 -1.971546 0 
5.988747 -1.695930 0 
0.765973 1.467394 1 
3.354057 2.758760 0 
4.279186 -1.780956 0 
0.481520 1.882900 1 
0.359465 1.516197 0 
1.010142 0.390858 1 
-1.059608 1.630664 0 
-0.188888 -0.589134 1 
-0.517185 -2.083577 0 
4.354592 -2.991184 0 
-0.930409 0.209446 1 
1.470047 0.026035 1 
1.132836 -0.197006 1 
4.184387 -1.152056 0 
2.292989 -2.054639 0 
0.148279 0.026572 1 
1.627834 1.357530 0 
-0.217040 1.564168 1 
4.450359 1.434393 0 
2.642109 -1.692555 0 
-0.795764 4.203008 0 
2.543595 1.778228 0 
1.196489 -1.996034 0 
-0.349640 -0.158564 1 
4.434364 -1.122183 0 
0.755882 0.362070 1 
0.754439 0.449419 1 
2.950839 0.335553 0 
3.270912 -1.076612 0 
-0.374572 1.191635 1 
3.126502 4.331902 0 
-0.517370 1.182795 1 
1.346616 0.800443 1 
2.264982 0.356150 0 
-1.168398 -0.278349 1 
2.868767 1.455941 0 
0.087019 0.693505 0 
-0.864167 -0.535659 1 
0.185084 0.444771 1 
0.033849 0.643202 0 
1.023163 -0.017098 0 
0.746205 -2.240112 0 
-2.060796 0.289003 1 
4.854876 -2.376093 0 
1.144484 0.836751 0 
0.841929 1.047146 1 
-0.577246 -0.091234 1 
2.947877 1.794861 0 
0.271286 0.509636 1 
2.116828 6.039876 0 
2.687324 -0.781157 0 
0.289405 0.097008 1 
-0.403502 -0.115129 1 
3.419199 0.227483 0 
3.212258 -0.684835 0 
0.318222 1.672823 0 
-0.604089 -1.899936 1 
0.737187 -0.277219 1 
-0.408235 -1.138913 1 
-0.147814 -0.511840 1 
-1.035998 -1.465402 1 
4.316868 -0.511183 0 
-0.359657 0.291961 1 
1.099110 0.517428 0 
1.403575 -0.588550 1 
-0.278318 0.284972 1 
3.112882 -1.717712 0 
-1.206175 0.705389 1 
-2.511854 1.624012 0 
0.272707 -0.397557 1 
0.914460 2.435156 0 
-3.085066 -2.707755 0 
-0.299443 -3.548508 0 
-0.463585 -0.140366 1 
-0.630789 0.787633 1 
0.591801 0.985767 1 
2.010548 0.477927 1 
0.099544 -1.259629 1 
-1.528948 -0.240260 1 
0.662694 0.503541 0 
0.577222 -0.088641 1 
0.551118 0.523174 1 
5.916890 0.604769 0 
-0.356927 0.038163 1 
1.515494 -1.277167 1 
-0.650833 0.719687 1 
-0.867857 -0.422490 1 
2.629410 -3.329647 0 
-0.626522 -2.484218 0 
-0.752184 1.576967 1 
0.880123 -3.103828 0 
-0.362758 0.295668 1 
2.176221 -0.673947 0 
0.886044 -2.079401 0 
-1.463727 -2.046436 1 
4.394187 -2.109801 0 
3.660507 -1.767621 0 
-0.545080 0.577086 1 
0.759241 0.226756 1 
-1.722324 -1.249840 0 
1.190948 2.735899 0 
-2.950522 -2.162760 1 
0.546978 0.970605 1 
-0.032584 -0.434157 1 
0.917430 -0.352697 1 
-0.668315 1.672938 0 
2.604319 -2.442475 0 
-1.186859 0.149522 1 
-2.414723 2.973798 0 
0.505372 -0.247641 1 
1.457511 2.446814 0 
-0.563203 0.384276 1 
-0.731959 0.618944 1 
-0.380719 2.327576 1 
-0.829409 -1.703226 0 
6.284492 2.447239 0 
-0.288645 -2.479021 0 
-0.728221 2.517501 0 
3.904159 -2.953620 0 
2.785129 -0.191674 0 
0.614041 -1.265606 0 
0.268013 0.567306 1 
-0.718331 -0.488730 1 
0.337969 1.701950 1 
2.866856 0.311034 0 
0.845917 -0.958786 0 
-0.499797 -1.421072 1 
4.766139 0.143954 0 
3.028749 1.485093 0 
-0.109659 1.724806 1 
1.762824 0.323751 1 
3.599032 -0.535427 0 
3.409805 1.017154 0 
-0.486742 0.665525 1 
1.240053 -0.748146 1 
-1.302520 0.167138 1 
1.765315 2.383623 0 
4.853744 0.724072 0 
4.335555 1.628902 0 
1.512781 0.621205 0 
5.066615 -0.922560 0 
0.245294 0.166799 1 
1.504504 -1.942815 0 
2.194131 0.379915 0 
-0.872135 -2.838380 0 
1.696753 -0.286164 0 
0.145748 -0.234350 1 
-1.141769 -1.796342 1 
-1.518423 -0.758886 1 
2.305109 2.669912 0 
0.086364 0.194220 0 
-0.599964 0.242113 0 
-1.328055 1.259045 1 
2.405046 -2.959131 0 
-0.563459 1.013530 1 
0.672098 1.199110 0 
-0.678435 0.486479 1 
-2.010549 0.252446 1 
-0.406111 1.275537 1 
0.352298 0.746756 1 
0.440226 -0.494077 1 
-0.290167 -2.131928 1 
-1.111116 0.708594 0 
-0.560441 -1.266898 1 
-0.568380 -0.196854 1 
4.157107 3.454049 0 
6.487865 -2.027356 0 
-0.903103 0.462195 1 
3.038220 2.989969 0 
1.787914 0.168238 1 
0.284634 -0.325525 1 
-0.631549 1.590787 1 
0.826253 -0.407383 1 
-0.176910 1.118931 1 
3.042955 -0.457645 1 
0.318943 -0.414617 0 
1.792636 0.925371 1 
0.759549 -0.080525 1 
1.323964 -1.054130 1 
4.528091 1.522289 0 
2.391358 3.154096 0 
-2.156073 -0.592286 1 
1.277512 -0.048804 0 
-0.470347 0.877960 1 
2.493616 0.368519 0 
-1.086973 0.673006 1 
-0.016006 -0.820620 1 
2.992222 0.753699 0 
0.215402 -1.441688 1 
-0.078205 -0.343510 1 
-1.529852 0.123619 1 
2.195707 2.351576 0 
0.874690 0.774545 1 
0.837922 -1.551485 0 
0.789952 -0.246304 0 
-0.693388 1.347478 0 
3.267788 -0.329851 0 
-0.075546 1.363541 1 
1.218551 -0.681679 1 
-1.029289 2.028342 1 
-0.877014 -2.616305 0 
0.205260 -0.808034 1 
-0.656358 0.342309 0 
2.545821 0.166590 0 
0.344465 0.810837 1 
4.168143 -2.061912 0 
-0.640085 0.001558 1 
0.642532 0.302634 1 
0.874994 -0.429923 1 
-0.902453 0.679526 1 
-1.014751 1.161692 1 
0.435166 -0.831325 0 
4.711312 0.850710 0 
0.602611 0.973369 1 
-0.495601 0.718854 1 
-0.582526 -0.439697 0 
0.579035 0.529004 0 
0.597867 0.308396 0 
0.911466 -0.902930 1 
0.054602 1.394283 0 
5.987460 -0.030894 0 
5.262168 -0.211027 0 
0.769613 2.335130 0 
2.977621 -0.273201 0 
3.387236 0.218608 0 
2.058443 2.181470 0 
-0.265308 -0.392615 0 
3.924271 -1.907016 0 
0.634630 -1.232629 1 
-1.549295 1.090118 1 
0.276354 0.307470 1 
-0.076809 -0.007763 1 
0.671991 0.473155 0 
-0.210236 0.022672 1 
-0.376416 0.625777 1 
-1.257688 0.520443 0 
1.086520 -1.027806 0 
-0.248636 0.807481 1 
-1.636353 -0.238297 0 
4.194913 2.418215 0 
0.151180 2.375846 0 
1.583585 1.244819 0 
2.962332 1.453025 0 
3.212074 -1.326274 0 
3.112507 -1.853149 0 
1.902129 2.856890 1 
-1.451340 1.253290 1 
0.478415 -2.023251 1 
-1.084181 -0.818456 0 
-0.299986 -2.231797 1 
0.215002 -1.567025 0 
0.475644 0.975077 1 
0.489795 0.202876 1 
-0.669704 0.561052 1 
0.394684 4.273986 0 
0.932736 -0.867117 1 
-1.430706 -2.640674 0 
2.331994 0.165546 0 
0.488445 -0.589951 0 
0.440427 -0.055919 1 
-0.856544 0.100132 1 
2.362268 -3.320165 0 
1.359091 -1.540667 0 
0.224429 0.391149 1 
5.248095 -2.386183 0 
-2.502190 0.484807 1 
-0.160822 -1.158032 1 
0.967786 -0.771175 1 
0.393152 0.539147 0 
2.745429 1.315645 0 
1.298597 0.277570 1 
-0.904977 0.639058 1 
-0.801758 -1.556956 1 
2.811051 -2.939810 0 
-0.973352 -0.807135 1 
-0.179974 -0.136752 1 
-0.466279 -3.032853 1 
3.093942 -0.307582 0 
4.819779 5.216887 0 
0.014694 -0.821576 1 
-1.245852 -0.416593 1 
-1.688818 1.420773 0 
0.119454 0.383490 0 
-0.885965 -1.211658 1 
0.313463 0.148535 1 
-0.747468 2.535666 0 
0.547810 -1.317166 1 
-0.879207 3.738011 0 
0.701403 -1.555785 0 
0.633936 0.164393 1 
2.906465 -2.630128 0 
4.345771 0.408714 0 
0.151174 -1.654334 0 
3.474358 2.650196 0 
-0.539197 1.201273 1 
-0.329195 0.710666 1 
-0.400746 0.201221 1 
-0.776783 0.749976 1 
4.653688 1.521024 0 
0.514401 -1.446901 0 
0.991213 0.370452 0 
-2.100604 -1.532741 1 
2.944102 1.577330 0 
2.723582 1.886655 0 
-0.027687 -1.124145 0 
3.045252 0.439849 0 
1.295728 -3.041448 0 
-0.943166 0.453743 1 
1.773527 0.946428 0 
4.950767 1.038884 0 
-0.892190 -0.455697 1 
-0.692331 2.305181 0 
-0.273664 0.053550 1 
-1.498868 0.549573 1 
2.636099 -1.542839 0 
1.133022 -0.570483 1 
-0.819803 0.861801 1 
-0.208098 0.718251 1 
-1.231904 2.456036 0 
0.848964 -0.604633 1 
0.265993 0.641684 1 
0.681874 0.420092 0 
1.880424 -2.723170 0 
0.136994 3.541949 0 
3.800604 -1.346614 0 
-0.735646 -3.254662 0 
5.336081 1.861378 0 
-1.502401 -0.998141 1 
-0.589424 -0.912553 1 
-0.478572 0.356770 0 
2.019061 -0.402147 1 
0.163463 -0.093088 1 
1.346283 0.994285 0 
3.384490 0.154372 0 
-0.209711 -1.614345 1 
3.616241 -1.942386 0 
0.272222 -0.815995 1 
-1.404517 1.605058 1 
1.513148 0.999892 0 
0.449766 0.246909 1 
1.412527 0.020475 1 
-0.255125 0.004896 1 
2.958763 -2.079079 0 
0.141699 0.154763 1 
-1.370469 0.071303 1 
-0.702636 1.065680 1 
0.850582 -1.063360 1 
0.327983 0.290276 1 
-1.488636 -0.862590 1 
2.386250 -1.174303 0 
4.166799 0.920252 0 
0.182064 0.549885 1 
-0.069176 0.359200 1 
-0.419664 1.992565 1 
0.175292 0.215628 1 
5.687959 -0.335917 0 
3.407294 -0.033801 0 
0.954853 -0.772776 1 
-0.339610 0.334961 1 
-0.466842 0.670276 1 
0.005923 0.614266 1 
0.809737 -1.942361 0 
1.520386 1.514225 0 
-2.026645 1.326987 1 
-0.267715 0.904348 1 
-0.516399 -1.868761 1 
-0.858685 0.078435 1 
-1.046756 1.791545 0 
2.595290 2.719945 0 
0.293601 1.794983 0 
0.751259 -1.781956 0 
-1.195008 -2.850703 1 
0.592453 -2.871763 0 
0.158600 0.029392 0 
-1.078225 -1.631014 1 
-1.181175 0.272118 1 
0.509839 0.778520 1 
-0.944344 -0.637593 1 
6.041723 -3.821538 0 
0.597138 -1.881989 1 
-0.273771 -1.267994 1 
-0.880727 1.752760 0 
3.979989 0.906242 0 
2.518855 -0.905881 1 
1.408772 -1.280294 0 
0.173686 0.659037 1 
3.058414 -4.076393 0 
2.599493 1.490267 0 
0.293749 0.484378 1 
0.131996 -0.190796 1 
2.146522 3.432734 0 
1.947453 0.368641 1 
0.361827 0.906482 1 
-0.634586 -1.081485 1 
1.417994 -1.423870 1 
-0.795776 -0.569043 1 
0.078583 -1.612094 0 
0.482336 0.790874 0 
-0.333653 3.418531 0 
-0.924737 0.184455 1 
1.616377 -0.276141 0 
1.742805 -4.404192 0 
2.205248 1.643600 0 
0.737997 0.582295 1 
-0.204071 -0.458693 1 
2.761972 -3.743294 0 
-0.912631 -0.650743 0 
2.059230 -1.905798 0 
1.040716 -2.768437 0 
-0.389359 0.203939 1 
1.426606 -1.150300 1 
2.029595 -0.711063 1 
6.523177 1.382586 0 
4.458158 -2.191780 0 
4.148747 1.995434 0 
2.773787 0.501734 0 
0.218612 -1.799201 1 
1.141782 0.468715 1 
0.635789 -0.382420 1 
0.653063 -0.154008 1 
0.165991 -1.656179 1 
1.754284 1.142261 1 
2.212561 0.483046 0 
3.937333 -3.293645 0 
0.413419 0.577191 1 
2.010513 -0.936734 0 
1.181229 -2.544883 0 
2.991690 1.683609 0 
-1.054722 -0.612449 1 
0.288070 0.630458 1 
3.690286 3.739115 0 
1.299743 -0.978382 1 
3.670239 -0.532492 0 
1.074546 -1.533169 1 
6.596304 0.354117 0 
1.619923 0.851182 1 
1.379894 -0.695408 0 
4.087459 -0.453926 0 
1.223347 -1.682754 0 
2.777053 -0.247154 0 
-0.429895 0.279608 1 
-1.096831 0.720426 1 
-0.860067 -0.677328 1 
-0.735279 -1.385011 1 
0.984676 -0.109320 0 
0.680731 -1.574495 0 
-0.420720 0.616355 1 
3.447937 -1.918794 0 
-0.826145 -0.581616 0 
1.221876 -0.501457 1 
0.932331 0.942350 0 
7.518614 0.310977 0 
-0.143587 0.273471 1 
2.217690 -0.474743 0 
1.670136 0.464353 1 
-0.581452 -0.028785 1 
-0.547823 -1.722079 1 
2.553029 1.324682 0 
0.748328 0.227618 1 
0.413870 0.010809 1 
1.497110 1.621191 0 
1.475920 -1.945297 0 
6.355983 -0.635510 0 
2.178972 -1.894636 1 
1.460616 -1.016080 0 
5.386030 2.660600 0 
1.905291 1.130063 0 
0.036976 -0.398201 1 
3.678826 1.156582 0 
-0.676223 1.273654 0 
-0.636493 0.650602 1 
1.008305 -0.545418 1 
-0.818083 0.428169 0 
-0.012074 2.913587 0 
-1.440844 0.512576 1 
3.005690 0.145607 0 
-1.543743 -0.560957 1 
-0.263507 -0.382072 0 
0.736704 0.430855 1 
1.755974 -0.922936 1 
3.156359 -2.031144 0 
-0.692764 1.447914 1 
-0.817274 0.514871 1 
0.025534 6.022382 0 
1.938419 -0.719421 0 
3.909000 2.344563 0 
1.224602 -2.076330 0 
-0.936606 -1.998292 1 
-0.057232 0.418955 0 
4.389755 0.641330 0 
2.316796 -2.114385 0 
0.417971 -0.280429 1 
-0.204354 -1.072065 1 
-0.182458 1.442055 0 
-1.964335 -0.752423 1 
4.009670 1.210374 0 
-0.570863 -1.406435 1 
4.050101 2.776868 0 
-2.997894 -0.194595 0 
0.749845 0.756735 1 
-1.201793 -2.899489 0 
-0.315018 0.139872 0 
2.894036 -1.424888 0 
-0.304131 -0.254608 1 
-0.806086 0.224488 1 
-0.692542 0.627298 1 
1.122417 5.633035 0 
4.752255 -0.623206 0 
6.060485 1.653802 0 
-1.751431 0.574299 1 
0.076162 0.165911 1 
0.045662 -0.218633 1 
0.697953 0.258032 0 
-1.849688 0.014212 1 
-1.391865 0.854267 1 
-1.675384 0.378500 1 
1.744585 3.544896 0 
0.889027 0.303389 0 
0.684061 2.855990 0 
-0.337286 -0.102833 1 
1.749332 -1.307892 0 
0.650698 0.711410 1 
-0.068682 1.111255 1 
-0.674272 0.588917 1 
0.881810 0.650244 1 
0.988333 1.447704 0 
3.695578 0.721653 0 
-0.446225 -0.769600 0 
-1.198900 2.091534 1 
0.358989 0.962525 1 
-0.225060 0.077207 1 
5.006015 -0.478332 0 
2.616168 0.569607 0 
0.317466 0.187084 1 
-1.875243 -1.263101 0 
1.562494 -0.638726 1 
0.706727 -1.107543 0 
1.343078 0.658717 1 
1.574085 1.030470 0 
4.096899 -1.797289 0 
0.223178 0.478169 1 
-0.745538 2.030393 0 
1.773359 -0.279626 0 
-1.525236 1.610428 1 
3.683046 3.164404 0 
2.654776 -0.624069 0 
-0.172038 -1.107623 1 
2.573885 5.193169 0 
-0.390017 -1.141225 1 
0.941345 0.839885 1 
2.728921 2.379372 0 
1.589344 -1.420621 1 
-0.102795 -0.159929 1 
3.315187 0.353090 0 
0.408319 0.091522 0 
1.926317 -3.451609 0 
3.929829 -1.522532 0 
5.418692 -1.633423 0 
-0.102866 -0.387697 1 
-1.131111 -0.990778 1 
0.910562 -1.078499 0 
2.754516 0.431268 0 
0.809377 -0.549354 1 
0.526811 1.643396 1 
0.811460 -0.509084 1 
3.971768 0.347840 0 
0.123531 -0.663561 1 
1.356724 0.787691 0 
0.115436 1.451493 1 
4.232717 -0.975103 0 
-0.348201 2.102126 1 
-0.216207 -0.516136 1 
0.270608 -1.531754 1 
0.652394 0.633311 0 
6.088972 2.031520 0 
-0.474283 -1.512073 0 
0.030697 4.703087 0 
-1.912499 0.065010 1 
-1.772997 -0.107386 1 
-0.623616 0.991567 1 
2.205080 -0.810402 1 
1.915735 0.274239 1 
5.233175 0.853113 0 
1.530917 -2.150116 0 
0.716282 -0.937834 0 
1.730489 -1.533578 0 
-1.325805 0.713962 1 
0.423287 0.523098 1 
0.640173 0.308669 0 
5.827596 1.867762 0 
2.030121 0.940369 0 
-0.214004 0.455046 1 
4.982697 2.025673 0 
2.532090 1.614859 0 
-0.051393 1.926973 1 
1.025415 1.293260 1 
-2.049870 0.374889 1 
-0.082539 -0.762097 1 
3.822768 -1.673499 0 
1.902875 -1.078674 0 
-0.158255 -0.953381 0 
3.496205 1.488708 0 
-0.691072 0.120683 1 
-0.008302 2.945040 0 
1.430596 2.144281 1 
0.462622 -2.249621 1 
-0.277263 0.227279 1 
-0.142131 -2.475142 1 
3.882701 -1.698744 0 
0.404573 -0.221470 1 
0.220655 -1.221889 1 
4.967291 1.403665 0 
2.844486 -0.952115 0 
-0.436231 -0.910579 1 
1.235561 0.685687 1 
5.085968 1.118056 0 
-2.112946 0.891713 0 
0.625886 -0.966886 1 
1.867618 2.573288 0 
-1.427744 1.480203 0 
0.785557 -0.201302 1 
2.273190 1.095271 1 
0.068364 1.044835 1 
-0.375663 0.821192 1 
-0.108760 -0.130812 0 
4.032842 -1.280193 0 
-0.056059 -1.305706 1 
-0.166299 1.369041 1 
-0.501785 1.587304 1 
-0.068254 -1.470772 1 
1.102156 -3.577768 0 
-0.723541 1.342981 1 
-1.324863 2.530235 1 
1.790679 0.370529 1 
0.471118 0.008854 1 
1.429439 -0.335764 0 
1.339897 0.903476 0 
0.067039 0.319947 1 
2.934007 1.517323 0 
-1.354290 -0.796458 0 
2.050484 0.623247 0 
1.261706 -2.362604 0 
5.334600 -4.198853 0 
0.494225 -1.183294 1 
-1.749090 0.256071 1 
-0.627485 -0.218641 1 
1.792411 -0.918770 0 
2.210968 0.160491 0 
-0.754732 -3.126656 0 
-0.929866 1.759027 1 
-0.739652 1.131759 0 
1.288931 2.172303 0 
6.335487 0.270092 0 
-1.545797 0.208248 1 
0.282859 0.259427 1 
1.769565 0.235626 1 
-0.078190 -0.368407 1 
-0.719797 -0.927091 1 
-0.944581 -1.986576 0 
1.765936 2.109167 0 
3.215946 2.804094 0 
1.285255 -1.815032 1 
3.850741 1.643213 0 
-0.262555 0.906812 1 
2.617158 1.134502 0 
0.705642 -2.310270 1 
1.329201 -1.327561 1 
4.368769 -1.300924 0 
-0.311075 -0.600921 0 
-0.106460 -0.980413 1 
-1.010585 1.014702 1 
0.914222 2.591692 0 
0.536895 1.086018 1 
0.682713 -0.063543 1 
-0.528067 -0.270791 1 
-1.227721 0.322405 1 
0.531905 0.750786 1 
-1.235867 0.108783 1 
1.276174 0.285184 0 
0.177213 -1.669224 1 
0.218366 -0.845785 1 
0.239236 1.014399 0 
4.975371 1.664223 0 
3.436203 -1.220836 0 
1.433583 0.469627 1 
2.077914 3.321163 0 
-0.175205 0.453949 1 
1.576396 -0.425294 1 
-0.913281 0.258440 1 
4.569472 2.235930 0 
1.604488 -4.067199 0 
1.114524 -0.058982 1 
5.851307 -1.194065 0 
2.473522 1.578154 0 
-0.002134 -1.008574 1 
-0.463422 1.682077 1 
3.972298 -4.380022 0 
0.428321 0.931199 1 
1.640982 4.152378 0 
1.830797 3.388542 0 
0.033673 1.345726 1 
0.458289 1.573806 1 
0.650234 -1.532920 0 
0.916435 1.137783 1 
3.069311 -1.540489 0 
2.658067 2.387160 0 
4.645417 0.862724 0 
0.871190 -0.687679 0 
4.741729 0.444153 0 
7.625114 -3.971116 0 
-1.759652 2.422105 1 
1.403385 -1.258147 0 
0.366707 -0.295278 1 
-0.751920 0.158699 1 
0.731591 -0.452610 1 
4.913313 -1.504782 0 
-0.347773 1.625061 1 
2.766008 -1.885441 0 
-0.485604 -1.525233 1 
0.507701 1.683592 1 
-1.418034 0.140603 1 
1.822569 0.391903 0 
0.742771 3.158257 0 
3.373066 0.179320 0 
1.462271 1.494052 0 
4.532988 0.625239 0 
0.783724 0.176133 1 
3.575356 -0.359947 0 
0.540674 1.631770 1 
2.686738 -0.211873 1 
-1.617798 0.080868 1 
0.177145 -0.429466 1 
2.156285 0.246541 0 
1.685910 -2.100804 0 
2.115172 1.388556 0 
-1.804769 1.320043 0 
-4.753529 1.571024 0 
-1.517812 -0.296880 1 
0.612939 -0.624250 1 
-2.084935 0.269441 1 
0.490981 1.870150 1 
-2.187176 0.485824 0 
-1.145804 0.298525 1 
0.909379 -1.335335 1 
0.683405 -0.770853 1 
5.276541 1.166751 0 
-0.230330 0.428362 0 
-1.155396 -1.780971 0 
-1.910733 -2.102025 0 
2.215722 0.504905 0 
1.792363 3.021651 0 
-2.009176 1.253326 1 
1.247993 1.521926 1 
0.261107 -0.401230 1 
0.018602 1.082662 1 
0.614460 -2.420317 0 
-0.871980 1.215930 1 
0.485234 1.422279 0 
1.807242 3.369104 0 
0.859992 0.180578 0 
0.821300 0.301507 1 
-0.513244 -2.028618 0 
1.009100 -0.056722 1 
1.722018 0.490385 1 
-0.997074 0.037445 1 
3.968751 -0.132665 0 
5.448332 -3.567763 0 
0.814342 1.589459 0 
0.308192 -1.171701 1 
-0.377800 -4.015583 0 
4.549348 -2.381804 0 
3.870635 -0.466891 0 
0.936920 -0.981739 1 
1.506830 -0.091703 0 
2.092173 3.667012 0 
4.612235 2.786725 0 
-0.954016 0.848692 1 
0.998558 -0.731851 1 
1.036704 -0.939574 0 
3.629951 2.400996 0 
-0.413857 0.537686 1 
-0.728939 0.794984 1 
3.748997 0.009229 0 
-1.709807 -0.665030 1 
0.688037 1.178426 1 
-0.746226 0.746938 1 
-0.202636 -0.886607 1 
-0.349627 -1.068252 1 
-2.027043 0.130531 1 
1.666322 -1.551606 0 
2.153696 -1.601672 0 
-1.585828 2.118453 0 
-1.529865 1.296466 0 
2.221984 0.804710 1 
0.412780 -1.799372 1 
1.022682 -1.778735 0 
0.546283 0.076538 1 
-0.928000 -0.570296 1 
-0.108697 0.742062 1 
2.160465 -3.220960 0 
2.266935 3.745568 0 
4.253908 0.481348 0 
-0.777090 0.081700 1 
0.301581 1.876142 1 
4.925831 1.662049 0 
0.592788 -2.494053 0 
0.203628 1.134211 1 
-0.629481 1.164532 1 
3.703031 -1.605790 0 
0.686214 2.760913 0 
-0.288342 -2.435006 1 
5.202528 0.123980 0 
5.425265 0.272266 0 
0.044249 1.075705 1 
-0.716370 0.293368 1 
5.254715 2.156793 0 
-1.797588 0.628935 1 
2.001506 1.249731 1 
0.491289 -0.697853 0 
0.426853 -1.736431 1 
-0.788302 -3.182579 0 
0.922381 1.477684 1 
2.764101 1.130212 0 
1.009391 1.306553 0 
-1.416412 -1.731175 1 
-0.016667 -0.119109 1 
-0.827651 -0.829319 1 
0.549228 0.751802 1 
0.063876 0.556369 1 
0.401064 0.096212 1 
0.358094 -0.029266 1 
1.111396 -0.056063 1 
-0.329626 -0.510514 1 
1.066152 1.355558 1 
0.069592 -2.572600 0 
-0.452831 -1.267224 0 
1.610015 0.980896 0 
-0.774717 1.809704 1 
1.172397 1.136828 1 
2.112470 1.171758 0 
0.059894 0.892824 0 
-0.703052 -0.511560 1 
2.359609 -0.407752 1 
1.618107 0.827285 1 
-0.196334 -1.904373 1 
5.732498 -1.139899 0 
3.128172 0.137378 0 
-1.758384 -0.711667 1 
2.151244 2.326261 0 
0.899523 0.761679 0 
1.830873 -2.037285 0 
2.092508 -3.166178 0 
0.898041 0.111369 1 
-0.803022 0.270946 1 
0.128179 0.294598 0 
-0.918711 0.105807 0 
0.981705 0.250488 1 
-0.875689 1.043198 1 
0.275924 -0.283317 1 
-2.365237 0.368339 1 
3.113373 -0.419553 0 
2.222739 0.200017 0 
0.475792 -0.602503 1 
-1.329818 1.086076 1 
0.499892 0.641134 1 
0.192255 2.017623 1 
-1.036071 0.515198 1 
2.171227 0.021719 0 
0.462176 1.483020 1 
-0.534792 1.509433 0 
0.210484 -0.361608 1 
2.965590 1.921407 0 
1.936028 -0.841413 0 
-1.461666 -1.354444 1 
1.479593 -0.135437 1 
0.903073 -1.264324 0 
1.915412 -0.426337 0 
-0.624202 -1.687844 0 
1.191414 0.761541 0 
4.872669 1.444172 0 
1.844272 0.859442 1 
-0.019638 0.239130 1 
-3.379707 -1.324347 0 
-0.213274 -0.174023 1 
0.277862 -0.124839 1 
0.030382 -1.053093 0 
1.237587 -0.234373 0 
1.643252 0.830828 0 
4.125157 -2.228607 0 
2.032010 0.451281 0 
2.740614 0.957735 0 
0.592922 -0.371707 1 
-1.061233 -1.260622 1 
0.760759 -0.217265 1 
0.506343 0.303415 1 
-2.104526 -1.901838 1 
1.204192 -0.034395 0 
-0.526459 0.251152 1 
-0.182818 -0.143321 1 
4.165890 -0.080080 0 
2.115237 -1.264063 0 
0.014023 -1.049539 1 
2.459277 -1.286010 0 
5.541514 0.119829 0 
1.853644 -2.097870 0 
0.132602 -0.857990 0 
-0.746804 0.466763 1 
1.378403 1.986885 0 
2.545494 -1.419636 0 
-0.505713 -0.323347 0 
-0.850531 1.184787 0 
0.576495 0.328340 1 
0.155829 0.088487 1 
2.972944 0.278235 0 
1.178064 -0.731741 0 
2.302404 1.176906 0 
5.026381 -3.262279 0 
1.777898 0.681505 1 
-0.222149 -1.209624 1 
1.182278 -0.041678 0 
3.563449 -1.453331 0 
0.348008 -1.135351 0 
2.023076 -1.306951 0 
-1.789763 -1.063315 0 
0.612676 0.233779 1 
-0.364804 0.530059 1 
2.522618 0.855201 0 
1.565604 -2.440048 0 
1.943665 3.048793 0 
-2.045013 0.850144 1 
0.636396 1.458733 1 
-0.039472 -0.070443 1 
-1.110988 -2.207200 0 
0.731192 0.879807 1 
0.962823 0.862870 1 
-1.128117 -1.133223 1 
-0.712793 1.396006 0 
0.819027 -1.078294 1 
0.185502 0.354150 1 
4.927583 1.885252 0 
0.404130 -1.892080 0 
-1.204415 0.873953 0 
0.871711 -0.375569 1 
0.938043 -1.007081 1 
1.546613 -0.802199 0 
2.179456 -1.359638 1 
0.693882 -0.053409 0 
2.875813 2.378487 0 
-0.735842 1.099787 1 
-0.718992 1.933755 0 
0.955879 -0.645232 0 
3.733437 -1.834793 0 
0.477131 -1.009520 1 
1.340328 1.074503 0 
-0.552794 -0.250999 1 
2.113440 -0.015172 0 
4.860176 -1.411661 0 
2.282561 -2.100899 0 
1.024363 2.506175 1 
-0.060167 -0.306264 1 
0.299246 0.931793 1 
-0.593211 -0.168880 1 
1.934105 -3.054636 0 
0.888269 -4.051916 0 
-0.357331 0.943183 1 
0.219620 0.122823 1 
4.834061 4.384014 0 
-0.130862 -0.960904 1 
5.382802 1.587238 0 
-0.914229 -0.864610 1 
-1.612966 0.542656 1 
2.515693 -2.038573 0 
0.185527 0.713733 1 
0.567877 -0.225520 1 
1.840435 -0.360324 0 
-0.339133 -1.032869 1 
-0.997644 -2.718143 0 
1.926090 -1.820673 0 
1.484472 1.182801 0 
-0.832373 0.641858 1 
-0.749048 1.338376 1 
0.503631 0.357816 1 
2.592685 0.632908 0 
0.517400 -0.656898 1 
1.169500 -1.439385 1 
0.272686 -0.141517 1 
3.066280 0.860539 0 
1.895320 0.396079 1 
0.353345 -1.720803 0 
-0.861745 1.711250 1 
5.786218 -0.488315 0 
4.256734 -1.543081 0 
-0.279582 -0.727061 1 
3.188016 -0.084962 0 
-1.147060 -0.991333 1 
3.714166 -0.849662 0 
2.057769 1.194661 1 
3.907580 1.742038 0 
-2.399192 -4.680309 0 
-0.511736 0.270367 1 
-1.596264 -0.722646 1 
-0.190189 4.354790 0 
0.813662 0.225088 1 
0.316637 3.437538 0 
-0.302127 0.499103 1 
0.562552 0.332682 0 
-1.402960 -1.235026 0 
0.342894 0.046491 1 
1.092253 0.928281 1 
-0.189688 1.219583 1 
0.554265 1.722268 1 
0.342290 -1.705139 0 
0.416055 -1.125950 1 
-1.026647 0.944624 1 
0.339015 1.422006 1 
9.144776 0.522827 0 
2.743038 1.151393 0 
1.856343 -1.098568 0 
0.027180 0.911302 1 
-0.118973 -0.953340 1 
0.386476 0.622104 1 
3.431284 3.142596 0 
2.540827 2.825541 0 
1.590235 -0.951652 0 
-0.213636 -1.501509 1 
0.428954 0.930967 1 
0.251580 -0.727827 1 
-0.977238 -2.127643 1 
0.269053 0.436617 0 
-1.451502 -1.859145 0 
2.465806 -1.862257 0 
2.671937 4.114771 0 
1.031746 1.169452 1 
2.128855 0.103748 1 
3.200465 -0.151100 0 
-1.853885 -0.307346 1 
1.435933 -1.713109 0 
-1.753817 -0.637240 1 
1.055758 0.284150 0 
1.839186 -2.650942 0 
0.484755 -1.094039 1 
3.895528 0.194810 0 
0.196252 -0.537058 1 
0.745319 0.236391 1 
4.464692 2.141288 0 
3.727051 -1.262131 0 
-0.329288 -1.882799 1 
0.228907 -0.684334 1 
1.449191 -0.672609 1 
1.212356 2.197047 1 
0.404291 -0.151822 1 
1.074226 -1.954563 1 
0.027975 1.046388 1 
-0.015231 3.559216 0 
-0.424971 0.246149 1 
1.601292 -2.493790 0 
0.696082 1.030574 1 
1.447217 1.689624 1 
-0.618635 -3.407940 0 
-0.129437 0.405351 1 
-0.023936 -0.083348 1 
1.538209 -0.495399 0 
2.590898 1.087304 0 
0.691677 0.376103 1 
-0.341038 -0.629885 1 
0.146594 -2.271189 1 
-0.114140 0.694728 1 
1.162726 0.592090 1 
1.699800 -1.772783 0 
-0.552750 -0.739968 1 
0.289654 -0.244830 1 
1.574108 1.878969 0 
-2.723517 -2.388697 0 
0.227468 -0.740131 1 
1.026896 0.086719 1 
3.032182 1.306048 0 
0.047636 -1.063188 1 
-0.743936 0.268196 1 
1.137444 -1.078833 1 
1.285171 -2.139483 1 
0.086638 0.921323 1 
0.012259 0.688952 1 
3.717309 -0.115012 0 
1.232183 -0.606968 1 
3.292216 2.783375 0 
2.648044 -0.071708 0 
3.458091 0.241225 0 
-1.833529 -0.128927 1 
0.238050 0.302072 1 
-0.267226 -1.177446 1 
-0.978323 -0.691640 1 
-0.827785 1.082155 1 
6.006590 1.309807 0 
-0.250441 -0.251359 1 
3.090932 1.798320 0 
2.494438 -0.841189 0 
0.147235 -1.958075 0 
3.018636 1.210277 0 
-1.964410 -0.066889 1 
6.059094 -3.101711 0 
7.322605 0.890202 0 
-0.558047 1.387566 0 
4.826501 -2.879011 0 
0.200075 0.968831 1 
-0.728528 0.370628 1 
-0.519909 1.288008 1 
0.327466 2.352713 0 
0.410487 -0.212824 1 
-0.617411 -2.834855 0 
-1.084601 2.563637 1 
3.032224 3.350959 0 
-0.271288 -0.548933 0 
-1.132107 -0.432903 1 
4.894327 1.291734 0 
-1.051411 -0.302885 1 
-0.478119 1.148930 1 
0.704577 0.331975 1 
-0.114436 0.190719 1 
-0.171042 -2.002368 1 
0.014117 0.240199 1 
0.599121 -3.751569 0 
-0.208245 -0.311779 1 
-2.670509 0.568387 0 
-1.225516 0.110739 1 
0.041172 3.514899 0 
0.367786 -1.522350 0 
2.615020 0.155300 0 
-0.782277 0.029500 1 
0.227059 0.053997 1 
0.419855 -0.365671 1 
4.466599 0.083799 0 
0.102473 1.241452 0 
-3.263723 -1.028217 0 
0.748367 0.159506 1 
3.360127 0.746134 0 
1.035504 2.416263 1 
4.247320 1.695338 0 
1.336235 0.952200 1 
2.562416 0.590169 0 
1.292844 0.442758 0 
4.370667 -1.889129 0 
-0.453976 -1.144116 0 
-0.023785 0.802022 0 
3.584844 -2.076672 0 
-0.944802 -0.953049 1 
-2.095467 -2.429935 1 
4.339757 0.629228 0 
3.233111 -2.186246 0 
3.591727 -1.679239 0 
0.176867 1.393290 1 
2.439917 -1.297485 0 
1.418094 -0.445417 0 
-0.246115 -0.326088 1 
-0.824990 -0.529116 1 
2.778635 2.953390 0 
0.883518 -0.480633 1 
1.144547 0.767865 1 
5.243550 -0.913311 0 
0.163840 -0.931362 1 
-0.891014 0.242988 1 
1.608796 0.390533 1 
-0.345373 1.369924 0 
0.084832 -0.458961 1 
-0.424151 0.439942 1 
1.434004 1.603528 0 
0.236082 0.882893 1 
0.024856 1.266786 1 
-1.055228 -3.098913 0 
1.732820 0.797321 0 
0.028443 1.320332 1 
2.554135 -0.336573 0 
4.347450 -0.070068 0 
-0.550207 -2.064028 0 
3.875033 2.406741 0 
0.801882 -0.165009 1 
0.642082 2.623421 0 
0.991955 0.889453 1 
0.492287 0.892411 1 
4.009975 -1.064371 0 
-2.190778 -1.527577 1 
0.476504 1.403583 1 
1.138139 0.029095 0 
1.769670 0.790946 0 
0.822361 -0.244256 1 
1.333592 0.020311 0 
0.393368 -0.251819 0 
1.281740 -2.175200 0 
-0.092633 -0.172964 1 
1.306976 0.616821 1 
0.133097 -0.129309 0 
1.359136 1.577203 0 
-2.067983 -1.334467 1 
0.283300 1.413124 0 
1.666765 0.856292 1 
1.624490 2.528736 0 
1.121629 -0.839851 0 
-0.650887 0.155178 1 
-0.048640 2.293789 1 
8.647614 2.068837 0 
-0.366863 -1.261425 0 
0.378711 -1.586499 1 
-0.489651 1.340979 1 
-1.522790 -3.126141 0 
2.587791 -0.001975 0 
3.529438 -2.837714 0 
6.173408 4.764274 0 
1.348853 -0.551093 0 
0.382279 -0.084711 0 
4.090877 2.067096 0 
2.612302 0.683848 0 
1.672154 1.966374 0 
1.607055 0.126393 1 
1.391431 -0.629577 0 
3.054078 -0.246462 0 
2.033065 -1.614317 1 
-0.980293 0.148468 1 
0.734045 -3.286408 0 
-1.042315 -0.745552 1 
1.791851 0.107972 0 
3.326180 3.683869 0 
2.551198 -1.728081 0 
3.671884 0.816916 0 
-0.605415 -1.801604 0 
-0.278568 -0.306770 1 
3.861291 -1.247753 0 
-0.185580 1.183440 0 
2.779506 -1.325506 0 
2.226803 -3.059764 0 
1.642104 1.894912 0 
0.245428 -0.955309 1 
-2.011646 -2.035420 0 
0.787661 -0.928704 1 
-0.103864 1.608756 1 
-1.154493 0.418685 1 
2.999524 -3.348899 0 
0.283547 0.298760 1 
-0.340107 -0.847869 1 
2.209857 -2.824249 0 
-0.808201 -0.426495 1 
4.473484 1.940499 0 
0.352454 0.975134 1 
2.776135 -2.510356 0 
0.374569 0.710074 1 
2.659631 1.450771 0 
0.250622 -0.057900 1 
0.284323 -0.369336 0 
-0.654639 -0.407922 1 
1.407636 1.321123 1 
0.864684 -0.214512 1 
0.348896 0.996598 1 
1.026355 -1.698069 0 
-1.880020 -0.540680 1 
3.947531 -3.984913 0 
-1.581578 2.664399 0 
2.853611 -0.930710 0 
3.907516 2.944695 0 
-0.354385 -1.725129 0 
-0.294741 0.335603 1 
-0.943086 -0.210091 1 
-0.056313 4.419608 0 
1.018352 -0.788857 1 
0.168318 0.207341 1 
-1.262983 -1.419203 1 
0.688700 2.346624 1 
2.903550 1.375273 0 
0.913665 0.302526 1 
1.133715 -0.880057 0 
2.106147 1.000350 0 
-2.191363 -2.460586 0 
0.443167 0.861959 0 
